 138  138  138  138  138  138  138  138  138  138  138  138  138  138  138  138  138  138  138  138  138  138  138  138  138  138  138  138  138  138  138  138  138  138  138  138  138  138  138  138  138  138  138  138  138  138  138  138  138  138  138  138  138  138  138  138  138  138  138  138  138  138  138  138  138  138  138  138  138  138  138  138  138  138  138  138  138  138  138  138  138  138  138  138  138  138  138  138  138  138  138  138  138  138  138  138  138  138  138  138 
 140  140  140  140  140  140  140  140  140  140  140  140  140  140  140  140  140  140  140  140  140  140  140  140  140  140  140  140  140  140  140  140  140  140  140  140  140  140  140  140  140  140  140  140  140  140  140  140  140  140  140  140  140  140  140  140  140  140  140  140  140  140  140  140  140  140  140  140  140  140  140  140  140  140  140  140  140  140  140  140  140  140  140  140  140  140  140  140  140  140  140  140  140  140  140  140  140  140  140  140 
 142  142  142  142  142  142  142  142  142  142  142  142  142  142  142  142  142  142  142  142  142  142  142  142  142  142  142  142  142  142  142  142  142  142  142  142  142  142  142  142  142  142  142  142  142  142  142  142  142  142  142  142  142  142  142  142  142  142  142  142  142  142  142  142  142  142  142  142  142  142  142  142  142  142  142  142  142  142  142  142  142  142  142  142  142  142  142  142  142  142  142  142  142  142  142  142  142  142  142  142 
 147  147  147  147  147  147  147  147  147  147  147  147  147  147  147  147  147  147  147  147  147  147  147  147  147  147  147  147  147  147  147  147  147  147  147  147  147  147  147  147  147  147  147  147  147  147  147  147  147  147  147  147  147  147  147  147  147  147  147  147  147  147  147  147  147  147  147  147  147  147  147  147  147  147  147  147  147  147  147  147  147  147  147  147  147  147  147  147  147  147  147  147  147  147  147  147  147  147  147  147 
 153  153  153  153  153  153  153  153  153  153  153  153  153  153  153  153  153  153  153  153  153  153  153  153  153  153  153  153  153  153  153  153  153  153  153  153  153  153  153  153  153  153  153  153  153  153  153  153  153  153  153  153  153  153  153  153  153  153  153  153  153  153  153  153  153  153  153  153  153  153  153  153  153  153  153  153  153  153  153  153  153  153  153  153  153  153  153  153  153  153  153  153  153  153  153  153  153  153  153  153 
 162  162  162  162  162  162  162  162  162  162  162  162  162  162  162  162  162  162  162  162  162  162  162  162  162  162  162  162  162  162  162  162  162  162  162  162  162  162  162  162  162  162  162  162  162  162  162  162  162  162  162  162  162  162  162  162  162  162  162  162  162  162  162  162  162  162  162  162  162  162  162  162  162  162  162  162  162  162  162  162  162  162  162  162  162  162  162  162  162  162  162  162  162  162  162  162  162  162  162  162 
 173  173  173  173  172  172  172  172  172  172  172  172  172  172  172  172  172  173  173  173  173  173  173  174  174  174  174  174  174  174  174  174  174  174  174  174  174  174  174  174  174  174  174  174  174  173  173  173  173  173  173  173  173  173  174  173  174  173  174  174  174  174  174  174  174  174  174  174  174  174  173  173  173  172  172  173  173  173  173  173  173  173  173  173  173  173  173  173  173  173  173  173  173  174  174  174  174  174  174  173 
 183  183  183  183  183  183  183  183  183  183  183  183  183  182  182  182  182  182  183  183  183  183  183  183  184  183  183  183  183  183  184  183  184  184  184  184  184  185  185  185  184  184  184  183  183  183  183  182  182  182  182  183  183  183  184  183  184  184  184  184  184  184  184  184  184  184  184  184  184  184  183  183  183  182  182  182  182  183  182  183  183  183  183  183  183  183  183  183  183  183  182  183  183  183  183  183  183  183  183  183 
 193  193  193  193  193  194  193  193  192  192  192  192  192  191  191  191  191  191  192  192  192  193  192  192  193  193  193  193  193  193  193  193  193  193  193  193  193  194  194  194  193  193  193  192  193  192  192  192  191  191  191  192  192  192  193  192  192  192  192  193  193  194  194  194  193  193  194  193  193  193  193  192  191  191  191  190  190  191  191  191  191  191  191  191  191  191  192  191  191  191  191  191  192  192  192  192  192  192  192  192 
 200  201  200  201  202  202  202  202  202  202  202  201  201  200  200  200  200  200  200  200  201  201  201  201  201  201  201  201  201  202  202  202  202  202  201  202  202  202  202  202  202  202  201  200  201  201  201  200  200  200  200  200  200  200  201  200  201  200  201  201  201  202  202  202  201  201  201  201  201  202  201  200  200  199  200  199  200  200  200  200  200  200  200  200  200  200  201  201  201  201  200  201  201  200  200  200  200  199  199  199 
 208  209  208  210  210  211  211  211  211  211  211  210  210  209  209  209  208  208  208  208  209  209  209  209  209  209  209  209  209  210  211  210  210  210  209  210  210  211  211  210  210  210  209  208  209  209  209  208  207  207  208  208  207  208  209  208  209  208  208  208  209  210  210  210  209  209  210  209  209  210  209  208  208  207  208  207  207  208  208  208  207  207  208  208  208  208  210  210  210  210  209  210  210  210  209  209  209  207  207  207 
 214  215  214  215  215  217  217  216  217  218  217  217  217  217  217  217  216  215  215  215  216  216  216  216  216  215  216  216  216  217  218  218  218  218  217  218  218  218  219  218  218  217  216  216  217  216  217  216  215  214  215  216  215  216  217  215  216  216  216  216  217  217  217  217  216  216  216  216  216  217  217  216  215  215  216  216  216  216  216  216  215  215  216  216  216  216  217  218  218  218  217  218  218  217  216  216  216  214  214  214 
 222  223  222  222  223  225  224  223  224  224  224  224  224  225  225  225  224  223  224  223  223  223  223  223  223  222  223  223  223  224  225  225  225  224  223  224  224  225  225  225  223  224  223  223  224  223  224  223  222  221  222  223  222  223  224  222  224  223  223  224  225  225  225  225  223  223  224  224  224  224  224  223  223  222  223  223  222  222  222  222  221  222  222  222  223  223  224  225  225  226  224  226  225  225  224  224  224  222  222  222 
 229  230  229  229  229  232  231  231  231  231  231  231  231  231  232  231  230  230  230  230  230  230  230  230  230  229  231  231  231  232  232  232  232  232  231  232  232  233  233  232  231  231  231  230  231  230  231  230  228  228  229  230  229  230  230  229  230  230  230  231  232  232  232  231  230  230  231  231  231  232  231  230  229  228  230  229  228  229  228  228  228  228  229  229  229  229  231  231  231  231  230  232  231  231  230  230  230  229  228  228 
 235  236  235  235  235  237  236  236  237  237  237  237  238  237  238  237  236  236  237  236  237  237  237  237  237  236  237  237  237  238  239  239  239  239  238  239  239  240  240  240  238  239  238  237  238  238  238  237  235  235  235  236  236  236  237  236  237  236  237  237  238  238  238  237  236  236  236  237  237  237  237  236  236  235  237  236  236  236  235  235  235  235  236  236  236  235  237  237  237  238  236  238  237  237  236  237  237  236  235  235 
 242  242  241  242  242  244  243  243  243  244  243  243  244  244  244  244  243  243  243  243  243  243  243  243  243  242  243  243  243  245  245  246  245  245  244  245  246  246  247  246  244  244  244  243  244  244  244  243  241  241  241  243  242  242  244  242  243  242  243  244  245  245  245  244  243  243  244  244  245  245  245  244  243  242  244  244  243  244  243  242  242  243  243  243  243  243  244  244  244  244  243  244  243  243  242  243  243  242  241  241 
 249  249  249  249  249  251  250  249  249  249  249  249  250  249  251  250  249  249  249  249  249  249  248  249  248  247  248  249  249  250  250  252  251  250  250  251  252  252  252  252  251  251  250  249  251  250  250  249  248  247  248  249  248  249  250  248  249  249  250  250  251  251  252  250  249  249  250  251  251  251  251  250  249  248  250  250  249  249  249  248  248  249  250  250  250  249  250  251  250  251  250  251  250  249  249  250  250  249  249  249 
 252  253  252  252  253  254  254  254  254  254  253  254  254  254  255  255  253  253  252  251  251  252  251  251  250  249  250  251  251  252  253  254  253  252  251  253  253  253  253  253  252  253  253  252  254  254  254  253  251  250  251  253  252  252  253  252  252  252  253  253  254  253  254  252  252  252  253  253  253  253  253  252  251  251  253  253  252  253  252  251  252  253  254  254  254  253  253  254  253  254  253  254  253  252  252  252  252  252  252  252 
 255  256  255  255  255  256  255  255  255  256  256  256  256  256  257  257  256  256  255  255  255  256  255  255  254  253  255  255  254  256  256  257  256  255  254  255  256  255  255  256  255  255  255  254  256  256  256  256  254  253  254  255  255  255  256  255  255  255  256  256  257  256  256  255  255  255  256  256  256  256  256  256  255  255  258  257  256  257  256  255  255  256  257  258  257  256  256  257  257  258  257  258  257  256  255  256  257  257  256  256 
 258  258  257  257  257  258  258  257  258  258  259  259  259  260  261  260  259  258  257  256  256  257  256  256  255  255  257  257  257  259  259  260  259  258  258  259  260  259  259  259  258  258  258  257  258  258  259  258  257  256  258  260  259  259  261  259  260  259  260  260  260  259  259  258  258  258  258  259  259  258  259  258  258  258  260  261  259  260  259  258  259  260  261  261  261  259  259  260  260  262  261  261  260  259  259  260  260  260  260  259 
 262  262  261  260  260  261  260  259  260  259  260  260  261  261  262  261  261  261  260  259  259  260  259  259  257  257  260  260  260  261  262  263  262  261  262  263  264  262  262  262  261  261  261  261  261  261  262  261  261  259  260  262  262  261  263  262  262  261  262  262  263  262  262  261  262  262  262  262  262  261  261  261  261  261  262  262  261  261  260  260  261  261  262  262  263  261  261  261  261  263  263  263  262  261  262  262  263  263  263  262 
 266  266  265  264  264  264  263  262  262  262  262  262  263  263  263  263  263  263  262  261  262  262  261  260  260  260  262  262  261  263  263  264  264  264  265  265  266  264  264  264  263  263  263  263  263  263  264  264  264  263  264  266  265  264  266  265  265  264  265  265  266  264  264  264  264  264  265  265  265  263  263  263  263  263  263  264  262  263  262  262  263  263  264  265  265  263  262  263  263  264  263  263  263  262  263  263  265  266  266  265 
 269  270  269  268  269  269  268  266  267  266  266  266  266  265  265  265  265  265  265  264  265  265  264  264  263  264  265  265  265  266  266  267  267  267  268  268  269  267  267  267  266  266  267  266  265  266  267  267  267  266  267  268  269  267  269  268  269  267  268  268  268  266  267  266  267  266  267  267  267  266  266  266  266  266  266  265  264  264  263  264  265  264  265  265  265  264  263  264  264  264  263  264  264  263  265  265  267  268  268  269 
 268  269  270  270  270  270  270  269  270  269  269  269  268  268  267  266  266  267  267  266  267  268  268  267  266  267  269  269  268  269  269  269  269  269  270  271  271  269  270  270  269  269  270  269  268  268  269  270  270  269  270  271  270  269  271  271  270  269  269  269  269  268  268  268  269  269  269  269  269  268  269  268  268  269  268  268  268  268  267  267  269  268  269  269  267  266  265  265  265  265  265  264  264  264  265  265  267  268  268  268 
 271  272  273  272  273  273  273  272  273  272  272  272  271  271  270  269  269  269  269  268  269  270  270  268  267  268  269  270  269  270  270  269  270  269  271  271  272  271  271  272  271  271  272  271  270  271  272  273  272  271  271  272  272  271  273  272  272  271  271  271  271  271  271  272  272  271  272  272  272  271  272  271  272  272  271  272  271  271  270  270  272  270  272  271  270  269  268  267  268  269  268  267  268  267  268  268  270  270  271  270 
 273  274  275  275  276  276  276  275  276  275  276  275  274  274  274  273  272  272  271  271  271  271  271  270  268  268  270  270  270  270  271  270  270  271  272  273  273  272  272  273  273  272  274  273  272  273  274  275  274  273  274  275  274  273  275  275  274  273  273  274  274  274  274  276  276  275  276  276  275  274  274  273  273  273  272  272  272  271  271  271  273  271  273  273  273  272  271  270  271  271  271  270  271  270  270  270  272  272  273  273 
 274  275  276  276  277  277  278  277  277  278  278  278  277  276  276  275  275  275  274  274  275  274  274  273  272  273  274  274  273  273  274  272  273  274  275  275  275  274  274  275  275  275  277  276  275  274  275  277  276  275  276  276  276  275  277  277  277  277  276  277  276  275  275  277  276  275  275  275  274  274  274  273  273  272  272  272  271  271  271  271  272  271  272  273  273  273  272  271  272  272  272  271  273  272  272  272  273  273  273  274 
 274  276  276  277  278  278  279  279  280  280  280  279  279  278  277  276  277  277  276  276  277  277  277  275  276  276  278  277  276  276  277  275  276  277  278  278  277  276  277  277  277  276  278  278  276  277  278  279  278  277  278  278  278  277  279  279  279  279  278  279  278  278  278  279  279  278  277  276  276  274  275  275  274  273  272  272  272  272  272  273  274  272  273  274  275  275  274  273  274  274  273  274  275  273  273  273  273  273  273  274 
 276  277  278  279  280  281  281  280  280  281  281  280  281  279  277  277  278  278  278  278  279  278  279  277  278  279  280  280  279  280  280  278  279  280  282  282  281  279  280  280  279  278  280  279  278  278  279  280  279  279  280  279  279  279  280  281  281  280  281  281  280  280  281  282  281  280  280  279  279  277  278  277  277  276  274  275  274  274  274  275  275  273  275  276  276  277  277  277  277  277  276  277  277  276  276  275  276  275  275  276 
 279  279  279  281  281  281  281  281  281  282  281  280  281  279  278  278  279  279  278  279  280  280  281  279  280  281  282  282  282  283  283  281  282  282  285  284  283  282  283  282  282  281  283  283  282  282  283  284  283  282  282  282  282  281  282  283  282  282  282  283  282  283  283  284  283  281  280  281  280  279  279  278  277  276  275  275  276  275  275  276  277  275  277  277  278  279  279  278  278  278  278  278  279  278  278  277  278  277  277  279 
 279  280  281  281  280  281  282  282  282  284  282  281  282  280  280  281  282  282  281  282  283  283  283  281  282  283  284  283  282  283  283  281  282  283  285  284  283  283  284  284  284  284  287  287  286  285  286  287  285  284  284  283  283  283  284  284  284  284  284  285  285  285  286  287  285  283  283  284  283  282  283  281  280  279  278  278  279  279  278  279  280  277  280  280  280  281  282  281  281  280  279  279  281  280  279  279  278  278  277  279 
 281  281  282  282  282  282  283  283  283  285  283  282  283  281  282  283  284  284  283  285  285  284  286  284  286  286  286  285  285  285  285  283  284  284  286  286  284  284  286  286  286  286  288  288  287  287  288  289  287  287  287  286  286  286  287  287  287  287  287  288  287  287  288  288  286  284  284  285  284  284  283  282  281  280  280  281  281  281  281  281  282  280  283  283  283  283  283  282  281  280  280  280  281  280  280  280  280  279  280  281 
 283  282  283  283  283  283  283  284  283  285  283  283  284  282  283  284  285  285  284  286  286  286  288  287  288  288  288  287  288  288  287  285  286  286  287  287  285  285  287  286  287  287  289  288  288  288  288  289  288  287  287  286  286  286  288  288  288  289  289  289  288  289  289  290  288  286  286  287  286  286  286  285  285  284  284  285  285  285  285  285  285  283  285  284  285  285  285  284  283  283  283  283  285  283  283  282  283  282  282  283 
 285  285  285  285  285  285  284  285  284  286  284  283  284  282  283  285  285  285  284  286  286  287  288  287  288  287  286  286  287  288  287  286  286  287  287  287  285  285  287  287  287  287  289  289  289  289  289  291  289  288  288  288  287  287  289  289  289  289  289  290  290  289  290  291  289  288  287  288  287  287  286  285  285  284  284  285  286  285  286  286  286  284  286  286  288  287  287  286  286  286  286  287  288  287  286  286  286  285  285  286 
 289  289  289  288  288  288  287  288  286  287  285  284  285  284  285  287  287  286  285  287  286  287  288  287  288  288  286  286  288  289  288  287  288  288  288  289  287  288  289  289  289  288  290  289  290  289  289  290  289  288  288  288  288  288  290  290  289  290  290  292  291  291  291  292  291  289  289  290  289  289  288  286  286  285  285  286  286  285  286  286  286  285  288  288  290  289  289  289  289  288  289  290  291  289  289  288  289  288  289  290 
 290  290  289  288  289  289  288  289  288  289  287  286  287  285  287  289  289  288  287  289  289  289  290  290  291  290  289  288  290  290  289  288  289  289  289  289  288  288  290  289  288  288  289  289  289  289  290  291  290  290  290  291  291  292  294  293  293  293  293  294  294  293  293  294  292  290  290  291  290  289  289  287  287  286  286  287  287  286  287  287  287  286  288  288  290  289  289  289  289  289  289  291  292  290  290  290  290  289  290  292 
 291  291  290  289  289  289  288  289  288  288  286  286  287  285  287  289  289  289  288  291  290  291  292  292  294  293  292  291  292  292  292  291  291  291  291  291  289  290  292  291  290  290  291  290  291  290  291  292  291  290  291  292  292  293  295  294  295  295  294  295  295  295  294  294  292  290  290  291  291  291  291  290  289  289  288  289  289  288  288  288  288  287  288  289  289  289  290  290  291  291  291  292  293  292  292  292  293  292  292  293 
 293  293  292  291  291  290  290  290  289  289  287  285  286  285  286  288  288  288  287  289  289  290  292  292  293  293  291  290  292  292  292  291  291  291  291  292  291  291  293  292  291  291  292  292  292  291  292  292  292  291  292  292  292  293  295  294  294  293  293  294  295  294  295  295  293  291  292  292  293  293  293  292  292  291  291  292  293  291  292  291  291  290  291  291  291  290  291  291  292  292  292  293  294  293  294  293  295  293  294  294 
 296  295  294  293  292  291  291  291  290  289  287  286  286  287  288  289  288  288  286  289  288  289  291  291  291  291  290  290  292  293  293  292  293  293  293  293  293  293  294  294  293  293  293  292  292  292  292  293  293  292  293  294  293  294  296  295  296  295  294  295  296  295  296  295  293  291  293  293  294  295  294  293  294  294  294  296  296  294  294  293  293  291  292  291  291  290  291  292  292  293  294  294  296  296  297  296  298  296  297  297 
 296  296  295  293  294  292  291  291  291  291  289  288  288  289  290  291  291  291  290  292  291  292  293  293  292  292  290  291  292  293  293  294  293  294  293  294  293  294  295  295  294  294  294  293  294  294  294  296  295  294  294  296  296  296  299  298  299  298  297  297  298  297  296  296  294  292  293  293  294  295  295  294  295  296  296  297  298  297  297  296  295  294  294  293  293  292  292  293  294  294  294  295  298  296  298  297  299  297  297  297 
 295  296  295  294  294  294  293  293  293  293  292  291  290  292  293  294  293  293  292  294  293  292  293  293  293  293  291  292  292  292  293  294  295  295  294  294  293  294  296  295  294  293  293  293  294  294  295  296  296  296  297  298  298  299  300  299  300  299  298  298  298  297  296  296  296  294  295  294  295  296  296  295  296  296  296  297  298  297  298  297  295  294  295  294  293  292  293  294  295  295  295  296  298  297  297  297  298  296  296  295 
 296  297  296  295  296  294  293  293  294  293  293  292  291  293  293  293  293  293  293  295  294  294  295  295  296  296  294  295  296  295  295  297  297  297  296  296  294  295  296  295  296  294  293  292  293  294  294  296  296  296  297  297  297  298  299  298  299  297  296  296  296  296  295  295  294  293  293  292  293  295  294  293  294  296  296  297  297  296  298  298  296  295  295  295  294  293  293  294  295  296  295  296  298  297  298  299  300  298  298  297 
 296  297  295  295  296  295  295  295  295  295  295  294  293  295  295  296  295  294  294  296  294  294  295  295  295  294  293  294  295  294  295  296  296  295  295  294  293  294  294  293  293  292  292  291  292  292  293  294  294  295  295  296  295  296  297  297  297  296  296  296  295  296  296  296  296  295  294  294  294  296  295  295  295  296  296  297  298  297  299  298  297  296  296  296  295  294  294  295  296  297  297  297  299  298  299  300  300  298  298  297 
 297  297  295  296  296  294  294  295  296  295  295  294  293  295  294  295  295  294  294  296  295  295  295  295  295  295  293  294  295  294  295  296  297  296  296  296  295  296  297  296  296  293  292  292  293  292  293  294  294  295  295  296  296  297  298  298  298  297  296  296  295  296  296  296  296  295  294  293  294  296  295  295  295  296  296  297  297  297  299  298  297  296  297  297  296  295  295  295  297  297  297  298  300  298  300  300  300  298  298  297 
 294  296  294  294  295  293  293  294  294  294  295  295  294  295  295  296  296  296  296  298  297  297  298  298  298  298  297  297  298  297  298  298  298  297  297  296  295  296  296  295  295  292  292  292  292  292  293  293  294  294  295  295  296  298  298  298  299  297  297  297  297  297  298  298  296  296  295  294  295  297  296  296  296  297  297  299  299  300  301  301  299  299  300  299  298  296  296  297  298  298  298  297  299  298  299  299  299  297  297  295 
 293  294  292  293  294  292  291  293  294  294  295  295  294  296  295  295  296  297  297  298  298  297  298  298  299  298  297  298  298  298  299  299  299  297  298  297  296  297  297  295  295  293  292  293  293  293  294  294  295  296  297  297  298  299  299  300  300  299  298  298  298  298  298  298  297  297  296  295  295  297  296  296  296  297  297  299  299  300  301  301  299  300  300  298  298  296  296  297  298  299  299  298  300  299  300  299  298  297  296  295 
 294  294  293  293  294  292  291  294  294  294  294  295  294  295  295  295  296  297  297  297  297  296  297  297  298  298  298  299  300  299  300  301  302  300  301  300  298  299  298  297  297  295  294  294  294  294  295  295  295  296  297  297  298  298  298  299  300  298  298  297  297  298  298  297  296  296  294  293  294  296  296  295  296  297  297  298  298  300  301  301  300  301  301  299  298  297  298  299  299  300  300  299  299  298  299  299  298  297  296  295 
 294  295  294  294  295  294  293  295  295  295  295  295  295  295  295  295  296  296  296  297  297  297  298  297  299  298  298  299  300  300  301  301  302  300  300  299  298  299  298  296  296  294  293  294  295  295  295  296  296  297  298  298  298  299  297  298  298  297  297  296  296  297  297  296  295  296  295  294  294  296  295  295  296  297  298  299  299  301  302  302  301  302  303  300  299  299  299  300  299  299  299  298  298  296  298  298  296  296  295  294 
 294  294  293  293  294  292  291  294  294  295  295  296  296  296  296  297  298  298  298  299  298  297  297  297  300  299  299  300  300  300  302  302  302  300  300  298  297  298  297  295  295  293  292  292  293  294  295  295  296  297  298  298  299  300  299  300  300  298  297  297  296  297  296  296  296  297  295  294  295  297  297  296  296  298  297  298  298  300  300  300  300  301  301  299  299  298  298  299  299  299  299  299  299  297  298  299  297  296  294  295 
 292  292  292  292  293  292  290  294  293  295  296  296  296  295  296  297  299  300  300  300  299  299  299  299  302  300  300  300  301  301  302  302  302  300  300  298  297  298  297  295  295  292  292  292  293  294  295  296  296  297  298  297  299  299  297  298  297  296  295  294  294  296  295  296  296  297  296  295  295  297  297  296  296  297  296  296  296  297  298  299  298  299  300  299  298  297  298  299  299  299  299  299  297  295  296  297  294  294  292  292 
 292  292  292  292  293  292  291  294  293  294  294  295  295  294  295  295  297  297  297  298  297  297  298  298  301  300  300  300  302  301  302  301  302  299  299  297  296  297  296  294  294  291  290  290  291  292  294  295  294  296  296  296  297  297  296  297  296  295  293  292  292  294  294  294  296  296  295  294  295  297  298  297  296  297  296  295  295  296  296  296  296  296  296  296  295  296  297  298  297  297  298  298  297  296  295  296  294  294  293  293 
 293  292  292  292  292  292  291  294  294  294  295  295  295  294  295  295  297  297  296  298  297  298  299  299  302  301  301  301  303  302  303  302  302  300  300  298  296  297  296  294  293  290  291  290  292  291  293  294  294  296  296  296  297  297  297  297  297  295  293  292  292  294  294  294  295  295  294  294  295  297  297  297  296  298  296  296  296  297  296  296  297  297  297  297  296  296  297  298  297  297  299  298  297  295  295  295  294  293  292  292 
 293  292  292  292  293  292  292  295  293  294  294  293  294  293  294  294  295  295  294  295  295  296  297  297  300  299  299  299  301  302  302  301  301  298  298  296  295  296  295  292  292  288  289  289  290  290  292  293  293  294  295  295  297  297  297  298  297  296  294  293  293  294  294  294  295  295  295  295  295  297  298  298  296  297  296  295  295  296  295  296  296  296  297  297  297  297  299  300  299  298  299  299  298  296  295  295  294  294  293  293 
 294  293  293  293  294  293  293  295  293  294  293  293  294  293  293  292  293  293  292  294  293  294  295  295  298  298  299  299  301  302  302  302  302  300  299  298  296  297  297  295  293  290  291  290  292  292  294  295  295  296  297  297  299  300  299  298  299  297  295  294  294  295  295  295  295  295  295  295  295  297  298  297  296  297  295  295  295  295  294  295  296  296  296  296  296  297  298  300  299  298  298  298  297  295  295  295  294  294  293  293 
 292  292  292  292  294  294  294  295  294  295  296  296  296  295  296  294  295  295  294  295  294  294  295  295  298  299  300  300  302  302  303  302  302  299  299  297  295  295  294  292  292  290  290  290  292  293  295  296  296  298  298  298  299  300  299  299  299  297  295  294  294  296  295  295  295  295  295  295  296  296  297  297  295  296  294  294  294  294  293  294  295  295  295  295  296  297  298  300  300  298  298  298  296  294  294  293  293  293  292  291 
 295  294  293  294  296  295  295  296  295  296  296  296  296  295  295  293  294  294  293  293  291  291  293  293  295  295  298  297  299  300  301  301  301  299  299  297  296  296  296  293  294  292  292  292  294  293  295  296  295  296  297  297  298  298  297  296  296  295  293  292  292  294  293  293  293  293  294  294  295  296  297  297  295  296  294  294  294  293  292  292  294  293  293  294  295  296  297  299  299  297  298  298  296  294  294  293  293  294  293  294 
 295  294  294  295  295  295  295  295  293  294  294  294  294  293  293  292  293  293  292  293  292  292  293  293  295  296  298  297  299  298  299  299  299  296  296  295  293  293  293  292  292  291  292  292  294  293  294  295  295  296  296  296  297  297  296  296  296  295  293  292  292  294  293  293  293  293  293  294  294  295  297  297  295  296  295  294  294  293  292  293  294  292  292  294  294  295  297  299  298  297  297  298  297  295  294  294  294  295  293  294 
 294  293  293  294  295  294  294  293  292  293  293  293  293  291  292  291  292  292  291  292  291  292  293  293  295  296  297  297  297  297  299  298  297  295  295  293  292  292  292  291  292  290  291  291  293  293  294  295  294  296  296  295  296  296  295  296  296  295  293  292  292  294  293  294  294  293  294  294  294  295  296  297  294  295  294  293  294  293  292  293  293  292  292  294  294  295  297  298  297  295  296  297  296  294  294  293  293  293  292  293 
 293  291  291  293  293  292  292  291  290  292  292  292  293  291  290  289  290  290  291  291  290  290  291  291  292  294  297  296  297  296  298  297  297  295  296  294  292  291  291  291  292  290  290  290  291  291  293  295  295  296  296  295  296  297  296  297  297  295  294  293  292  293  294  294  294  293  293  294  294  295  295  296  293  293  292  291  292  291  290  291  291  290  290  293  292  294  296  296  296  294  295  297  295  295  293  293  293  293  292  292 
 292  291  291  293  294  293  292  292  292  292  292  292  292  290  290  288  289  289  289  289  289  289  291  291  292  294  296  296  296  295  297  296  296  294  295  294  291  291  291  291  292  291  291  291  293  292  294  295  295  295  294  294  293  294  294  295  295  294  294  293  293  294  295  296  296  295  295  295  294  294  295  295  293  294  292  291  292  291  290  292  293  292  291  294  294  295  296  296  296  294  294  296  293  293  292  292  292  291  291  290 
 292  290  290  291  291  291  291  290  290  290  291  290  291  290  289  289  289  289  288  289  290  289  291  291  292  294  296  295  295  295  296  295  296  294  294  293  291  290  291  291  292  291  291  291  292  292  292  293  293  294  294  293  292  294  293  294  295  294  294  294  293  294  294  295  294  293  292  293  292  292  292  293  292  293  293  292  293  293  292  293  294  293  291  293  293  294  295  294  295  292  293  293  292  293  291  291  291  291  291  290 
 290  289  288  290  290  290  290  290  290  291  292  292  293  292  291  291  290  290  290  290  291  290  291  290  291  293  294  293  293  293  294  293  293  292  293  293  291  290  292  291  292  292  292  293  294  293  292  293  293  294  294  294  292  294  293  293  294  295  295  295  295  295  294  295  294  293  294  294  293  293  292  293  292  293  292  292  294  292  292  293  294  294  293  295  295  296  296  294  295  293  293  294  291  292  290  290  290  289  290  289 
 290  290  289  290  290  290  289  288  287  289  289  290  290  289  289  288  288  288  287  288  288  288  288  287  288  289  292  289  291  291  292  291  291  290  291  292  290  289  291  290  291  291  291  291  292  291  291  291  291  292  292  292  291  292  292  292  293  293  294  294  294  294  295  295  294  293  293  293  293  293  292  293  292  292  292  291  292  291  292  292  293  293  292  294  294  294  295  294  295  292  291  293  291  291  290  290  291  290  290  289 
 288  287  287  289  290  289  288  288  288  289  289  290  291  290  289  288  289  289  288  288  288  288  287  287  287  289  291  288  290  290  291  290  291  291  291  291  289  289  290  290  290  291  291  292  292  292  292  293  293  293  293  292  290  291  291  292  293  292  293  293  293  293  295  296  294  294  293  293  293  292  292  292  291  291  290  290  291  290  290  291  292  291  290  292  292  293  293  292  293  290  290  291  289  289  288  288  288  288  288  288 
 287  287  286  288  288  288  287  286  286  288  288  289  289  290  289  288  289  289  288  287  289  288  288  288  288  288  290  288  289  290  290  288  289  288  289  289  289  288  288  288  289  290  290  291  291  290  290  291  291  292  292  290  288  289  289  290  291  292  291  291  291  291  293  294  293  293  292  291  291  290  290  291  290  289  289  288  289  288  288  288  288  288  288  290  291  291  292  290  291  290  290  292  290  290  289  289  289  288  288  287 
 286  286  285  287  287  286  285  284  284  285  284  286  287  287  285  284  285  286  285  285  287  286  286  285  286  286  288  286  286  288  288  286  286  286  286  287  287  286  287  287  288  289  289  291  291  290  290  291  290  290  290  289  287  288  288  289  289  289  290  290  290  289  291  292  291  290  289  289  289  289  288  289  289  288  287  287  289  288  288  288  287  287  287  289  289  290  291  289  290  288  289  290  288  288  287  288  287  286  287  287 
 285  284  283  285  284  285  283  283  283  283  284  285  286  286  284  284  285  285  285  284  287  286  286  285  286  287  288  286  286  288  288  285  286  285  286  286  286  285  286  286  286  287  288  289  289  288  289  290  289  290  289  288  287  287  287  288  288  288  288  288  288  288  289  290  290  289  288  288  288  287  287  287  288  288  286  286  288  288  288  287  286  287  287  288  288  289  290  288  288  287  289  290  288  288  287  288  287  286  286  285 
 284  283  282  284  284  284  282  283  284  285  285  286  287  286  285  284  284  284  283  283  284  283  284  283  285  285  287  285  286  288  288  285  286  286  286  286  285  285  285  285  285  286  287  287  288  288  289  290  289  289  289  288  286  286  286  286  286  285  285  285  286  285  286  287  287  286  285  286  285  284  284  285  286  286  285  284  285  285  285  285  285  286  286  287  287  288  288  286  287  285  287  288  286  285  285  286  284  284  285  284 
 283  281  280  282  281  282  280  281  282  282  283  284  286  286  285  284  284  284  283  282  283  282  283  282  283  283  285  283  284  286  285  283  284  283  284  284  283  283  284  284  284  285  286  286  287  286  287  288  287  286  286  284  282  282  283  283  283  282  283  282  283  283  283  285  285  284  283  284  284  283  283  284  284  284  284  284  285  285  285  284  284  285  285  287  287  288  287  285  287  285  286  287  285  285  284  285  284  284  285  283 
 284  282  280  282  281  281  280  281  281  281  281  281  284  284  283  284  284  283  282  281  282  280  281  280  282  281  282  281  282  284  284  281  283  282  282  282  281  282  283  283  283  284  286  286  286  286  287  288  287  286  285  283  281  280  281  281  281  280  280  280  281  281  282  283  283  282  281  281  281  281  281  281  282  282  281  282  283  282  283  282  282  283  284  285  285  286  286  284  286  284  285  285  284  284  282  283  282  283  284  283 
 283  280  279  280  279  279  277  278  278  278  279  280  283  283  283  283  282  283  281  280  281  279  279  278  279  279  279  278  279  281  281  279  280  279  279  280  279  280  281  281  281  282  283  284  284  284  285  286  286  285  283  282  280  280  280  280  280  279  278  278  279  279  279  280  279  279  278  277  278  278  278  278  279  278  278  278  278  278  279  278  278  280  280  281  282  283  283  282  283  281  282  283  281  282  281  282  281  282  283  283 
 283  280  280  280  280  279  278  278  278  277  277  278  281  281  281  279  279  279  278  277  278  277  277  276  276  276  277  277  277  280  279  277  278  277  277  278  276  277  278  278  278  279  281  281  281  281  282  284  284  283  281  280  278  278  279  279  279  278  277  277  278  279  278  280  279  279  278  277  278  278  278  277  277  277  276  277  277  277  278  277  277  279  280  281  281  283  282  282  282  281  281  281  280  280  279  281  280  281  283  282 
 282  280  280  280  280  279  277  277  276  275  275  276  278  277  276  275  274  275  274  274  275  274  275  273  275  275  276  277  276  279  278  276  276  275  275  276  274  275  276  276  276  277  279  278  278  279  280  282  281  280  278  277  275  275  276  277  277  275  275  274  275  275  275  277  276  276  274  273  274  275  275  275  276  275  275  275  274  276  277  276  275  277  278  279  279  280  281  281  281  279  280  280  279  279  279  281  280  281  282  282 
 280  277  277  277  278  278  276  276  275  274  274  275  277  277  276  274  272  273  273  273  274  273  274  273  274  275  276  276  276  278  277  274  275  274  273  274  272  273  273  274  275  276  278  278  277  278  278  280  280  279  277  276  274  274  274  275  275  274  274  272  273  273  272  274  273  274  272  272  273  273  273  273  274  273  273  274  273  274  275  275  274  276  277  277  278  279  279  278  278  277  278  278  277  277  277  279  277  278  280  280 
 280  277  276  276  275  276  274  274  274  272  272  272  274  274  273  273  270  271  271  271  272  270  272  271  272  272  273  273  273  275  274  272  271  270  271  271  270  270  271  272  272  273  274  275  274  275  275  276  276  275  274  274  272  272  272  273  273  272  272  271  271  271  270  271  271  272  270  270  271  271  271  271  272  272  272  273  272  272  273  272  271  273  274  274  275  275  275  275  275  274  275  276  275  276  276  278  276  277  279  279 
 276  273  273  272  272  272  270  270  270  269  269  268  270  269  269  269  267  268  268  268  269  268  269  269  270  270  270  271  271  272  271  270  270  268  269  269  268  268  269  270  270  271  272  273  272  273  273  274  274  273  272  272  270  270  270  271  270  270  270  269  269  270  269  270  269  269  268  268  268  269  269  269  269  269  269  271  270  270  270  270  269  271  271  272  271  273  272  271  271  270  271  272  270  271  271  273  272  273  274  274 
 273  271  271  269  269  269  268  268  267  266  267  267  268  267  268  267  265  266  266  267  268  267  268  267  268  269  268  269  268  269  268  267  267  266  267  267  266  267  267  268  268  270  269  270  269  270  270  271  271  271  270  270  267  268  268  268  268  268  267  267  267  268  267  267  267  267  267  266  266  267  266  266  266  267  268  268  267  267  267  267  266  268  268  269  268  269  269  268  269  268  268  270  269  270  269  271  270  271  272  272 
 270  268  269  268  267  268  266  266  265  264  264  264  265  265  265  265  263  264  264  265  266  265  266  265  265  266  266  266  265  265  264  264  264  264  264  265  262  263  264  265  266  268  267  268  267  268  268  270  270  270  269  269  266  267  266  267  267  267  266  266  265  266  265  265  264  265  264  263  263  264  263  264  263  264  265  266  264  264  264  265  264  267  266  268  267  267  267  267  267  266  266  266  265  266  266  267  266  267  269  269 
 267  265  266  265  264  265  264  264  263  261  262  260  261  262  262  262  260  261  261  262  264  263  264  263  263  263  262  263  262  262  261  261  261  261  262  262  260  261  262  263  264  266  265  266  265  266  266  267  267  267  267  266  264  265  264  265  265  265  265  264  263  263  262  263  261  262  261  260  261  261  260  261  261  261  262  263  262  262  262  262  261  264  263  264  262  263  263  263  263  262  262  262  261  263  263  264  263  264  265  265 
 265  264  264  264  263  264  262  261  260  258  257  256  257  257  258  257  255  257  257  258  260  260  260  260  260  260  259  260  259  260  259  258  259  259  260  260  258  259  260  260  260  262  262  263  262  264  264  264  265  266  266  266  264  265  264  265  264  264  264  264  262  262  260  261  260  259  259  258  258  259  258  259  259  260  259  261  260  260  260  260  259  261  261  261  260  261  261  261  261  260  259  259  258  260  261  262  261  263  263  263 
 260  260  260  260  261  262  261  260  258  257  256  255  256  256  256  255  253  253  253  255  257  257  258  257  257  258  257  258  258  259  257  256  256  256  258  257  256  257  257  257  258  259  259  260  259  260  260  261  261  262  262  262  261  262  261  261  261  261  261  261  259  258  257  257  255  255  255  254  255  256  255  256  256  258  258  259  259  259  258  258  257  259  258  259  257  258  257  258  258  258  257  257  256  257  258  258  258  259  260  259 
 258  258  258  258  259  260  259  258  256  255  254  253  253  253  253  252  250  251  251  253  254  255  256  255  255  255  255  255  255  256  255  254  254  254  255  254  253  253  253  253  254  256  255  256  256  257  257  257  257  259  259  259  258  258  258  257  257  258  258  257  255  255  254  253  253  252  253  253  253  253  253  254  254  255  256  257  257  257  256  256  255  257  256  256  255  255  255  255  256  256  256  256  255  256  257  257  257  258  258  257 
 254  254  254  254  255  255  254  254  253  251  251  249  250  250  250  250  248  249  249  251  252  252  253  252  252  252  252  252  253  253  251  251  251  251  252  251  250  251  250  250  251  253  252  254  254  255  255  255  255  257  257  257  256  256  255  254  254  254  254  254  251  251  251  250  250  250  250  249  250  250  250  251  251  251  252  252  253  253  252  252  251  253  253  252  251  252  251  252  252  252  251  252  251  252  252  253  253  253  253  253 
 250  250  250  250  251  252  251  250  249  248  248  246  247  247  248  248  247  247  247  249  250  249  250  250  249  249  249  249  249  250  249  249  249  249  249  248  247  248  247  247  247  248  248  250  250  251  252  252  252  253  253  253  253  252  251  250  250  250  250  249  247  248  247  246  246  246  246  246  246  246  246  247  247  248  248  248  249  249  248  248  247  249  248  248  247  248  247  248  248  248  248  248  247  247  248  249  249  250  249  249 
 246  246  247  247  247  248  247  247  245  244  244  243  244  244  245  246  245  246  245  246  248  247  248  247  247  247  245  244  245  245  244  244  244  244  245  243  243  244  243  243  243  244  243  244  246  246  247  247  247  248  248  248  248  248  246  245  245  245  245  245  243  243  243  242  242  242  242  241  242  242  242  243  243  244  244  244  244  244  244  243  243  244  244  243  242  243  243  244  244  244  244  244  243  243  244  245  245  246  245  245 
 238  239  239  240  241  242  241  240  238  238  238  237  238  238  238  239  238  239  239  240  242  242  242  241  240  241  239  239  239  239  238  238  239  238  239  238  237  238  238  237  238  239  238  239  240  240  241  241  241  242  242  242  242  242  240  239  239  238  238  238  237  236  236  235  235  235  235  234  235  236  236  237  237  239  238  238  238  238  239  238  238  238  238  238  236  237  237  239  239  239  238  238  237  236  237  238  238  239  238  238 
 233  234  234  234  235  236  235  235  233  232  232  231  232  232  232  233  232  232  233  234  235  235  235  234  233  234  233  232  232  232  231  232  232  232  232  231  230  232  232  231  231  232  231  232  233  233  234  234  234  235  235  234  235  234  233  232  232  231  231  231  229  229  228  228  228  228  228  228  229  230  230  230  231  233  232  232  232  232  232  233  232  233  233  232  231  232  233  234  234  234  233  232  232  231  231  232  232  233  233  233 
 227  227  227  228  228  229  228  228  226  226  226  225  226  226  226  227  226  226  226  227  227  227  228  227  226  226  226  226  226  226  226  226  227  226  226  225  224  225  225  224  224  224  224  225  226  226  227  227  226  227  228  227  228  227  226  225  225  224  225  224  222  222  221  221  222  222  221  222  223  223  224  224  225  226  225  225  225  226  226  226  226  226  226  225  224  225  226  227  227  226  226  225  225  224  225  226  226  227  226  226 
 219  220  219  220  221  221  220  220  219  219  218  218  219  219  219  219  219  219  219  220  220  220  220  220  219  219  219  219  220  220  219  219  220  219  219  218  218  218  218  216  217  217  216  217  218  218  219  219  218  219  220  219  220  219  219  218  218  218  218  218  217  216  216  216  217  216  216  216  216  217  217  218  218  219  218  218  218  219  219  218  218  218  218  217  217  217  217  219  219  218  218  218  218  217  218  219  219  219  219  219 
 212  212  212  212  213  213  212  212  211  210  210  210  211  211  211  212  211  212  212  212  213  212  212  212  211  211  211  211  212  212  212  212  212  212  212  211  210  211  210  209  209  209  208  209  210  210  210  211  210  211  211  211  212  211  210  209  209  210  210  209  209  209  209  209  210  210  209  209  209  210  211  211  211  212  211  211  210  211  211  211  211  211  211  210  210  211  211  212  212  212  211  212  211  210  211  212  211  212  211  212 
 203  203  204  204  205  205  204  205  204  204  204  204  204  205  205  205  205  205  205  206  206  205  206  205  205  205  205  204  205  205  205  204  204  203  203  203  202  202  202  201  201  201  200  201  202  202  202  203  202  203  203  202  203  203  202  201  201  201  201  200  200  200  201  200  202  202  201  201  202  202  203  202  203  203  203  202  201  202  202  202  202  202  202  202  202  202  203  204  204  204  203  203  203  202  203  203  203  203  203  203 
 195  195  196  196  196  196  195  195  195  195  195  196  196  196  196  197  197  197  198  198  198  197  198  197  196  196  196  195  196  195  196  195  195  194  194  194  194  194  194  193  193  193  192  192  194  194  194  194  193  194  194  194  194  194  194  193  193  193  193  193  193  193  193  193  194  195  194  194  194  194  195  195  195  195  194  193  193  193  194  194  194  194  194  194  194  194  195  196  195  195  195  195  195  194  195  195  195  195  195  195 
 185  185  186  186  186  186  186  185  185  185  185  186  186  186  186  187  187  187  187  188  189  188  188  188  187  187  187  187  187  186  186  186  186  185  186  185  185  186  185  184  184  184  184  184  185  185  185  185  185  185  185  185  186  185  185  185  184  184  184  184  184  184  184  184  185  186  185  185  185  186  186  186  186  186  186  185  184  185  185  185  185  185  185  185  185  185  186  187  186  185  185  185  185  184  185  185  185  185  185  185 
 176  176  176  176  176  176  176  176  175  176  176  176  176  176  176  177  177  177  178  178  178  178  178  178  177  177  177  177  177  176  176  176  176  175  175  175  175  175  175  174  175  174  174  173  174  174  175  175  174  175  175  175  176  175  175  175  175  175  175  175  174  174  174  174  175  175  174  174  175  175  175  176  176  176  176  175  174  175  175  175  175  175  175  175  175  175  176  176  176  176  176  176  176  175  176  176  176  176  176  176 
 164  164  164  164  164  164  164  164  164  164  164  164  164  164  164  165  165  165  165  165  165  165  165  165  165  165  165  164  164  164  164  164  164  164  164  164  164  164  164  164  164  163  163  163  163  163  163  163  163  163  164  164  164  164  164  164  163  163  163  163  163  163  163  163  164  164  164  164  164  165  164  164  165  165  164  164  164  164  164  164  164  164  164  164  163  163  164  164  164  164  164  164  164  163  163  163  164  164  163  164 
 153  153  153  153  153  153  153  153  153  153  153  153  153  153  153  153  153  153  153  153  153  153  153  153  153  153  153  153  153  153  153  153  153  153  153  153  153  153  153  153  153  153  153  153  153  153  153  153  153  153  153  153  153  153  153  153  153  153  153  153  153  153  153  153  153  153  153  153  153  153  153  153  153  153  153  153  153  153  153  153  153  153  153  153  153  153  153  153  153  153  153  153  153  153  153  153  153  153  153  153 
 147  147  147  147  147  147  147  147  147  147  147  147  147  147  147  147  147  147  147  147  147  147  147  147  147  147  147  147  147  147  147  147  147  147  147  147  147  147  147  147  147  147  147  147  147  147  147  147  147  147  147  147  147  147  147  147  147  147  147  147  147  147  147  147  147  147  147  147  147  147  147  147  147  147  147  147  147  147  147  147  147  147  147  147  147  147  147  147  147  147  147  147  147  147  147  147  147  147  147  147 
 142  142  142  142  142  142  142  142  142  142  142  142  142  142  142  142  142  142  142  142  142  142  142  142  142  142  142  142  142  142  142  142  142  142  142  142  142  142  142  142  142  142  142  142  142  142  142  142  142  142  142  142  142  142  142  142  142  142  142  142  142  142  142  142  142  142  142  142  142  142  142  142  142  142  142  142  142  142  142  142  142  142  142  142  142  142  142  142  142  142  142  142  142  142  142  142  142  142  142  142 
 140  140  140  140  140  140  140  140  140  140  140  140  140  140  140  140  140  140  140  140  140  140  140  140  140  140  140  140  140  140  140  140  140  140  140  140  140  140  140  140  140  140  140  140  140  140  140  140  140  140  140  140  140  140  140  140  140  140  140  140  140  140  140  140  140  140  140  140  140  140  140  140  140  140  140  140  140  140  140  140  140  140  140  140  140  140  140  140  140  140  140  140  140  140  140  140  140  140  140  140 
 138  138  138  138  138  138  138  138  138  138  138  138  138  138  138  138  138  138  138  138  138  138  138  138  138  138  138  138  138  138  138  138  138  138  138  138  138  138  138  138  138  138  138  138  138  138  138  138  138  138  138  138  138  138  138  138  138  138  138  138  138  138  138  138  138  138  138  138  138  138  138  138  138  138  138  138  138  138  138  138  138  138  138  138  138  138  138  138  138  138  138  138  138  138  138  138  138  138  138  138 
