 -323  -312  -300  -277  -255  -255  -255  -255  -255  -255  -255  -255  -255  -255  -255  -255  -255  -255  -255  -255  -255  -255  -255  -255  -255  -255  -255  -255  -255  -255  -255  -255  -255  -255  -255  -255  -255  -255  -255  -255  -255  -255  -255  -255  -255  -255  -255  -255  -255  -255  -255  -255  -255  -255  -255  -255  -255  -255  -255  -255  -255  -255  -255  -255  -255  -255  -255  -255  -255  -255  -255  -255  -255  -255  -255  -255  -255  -255  -255  -255 
 -306  -296  -287  -262  -237  -237  -237  -237  -237  -237  -237  -237  -237  -237  -237  -237  -237  -237  -237  -237  -237  -237  -237  -237  -237  -237  -237  -237  -237  -237  -237  -237  -237  -237  -237  -237  -237  -237  -237  -237  -237  -237  -237  -237  -237  -237  -237  -237  -237  -237  -237  -237  -237  -237  -237  -237  -237  -237  -237  -237  -237  -237  -237  -237  -237  -237  -237  -237  -237  -237  -237  -237  -237  -237  -237  -237  -237  -237  -237  -237 
 -288  -280  -272  -245  -218  -218  -218  -218  -218  -218  -218  -218  -218  -218  -218  -218  -218  -218  -218  -218  -218  -218  -218  -218  -218  -218  -218  -218  -218  -218  -218  -218  -218  -218  -218  -218  -218  -218  -218  -218  -218  -218  -218  -218  -218  -218  -218  -218  -218  -218  -218  -218  -218  -218  -218  -218  -218  -218  -218  -218  -218  -218  -218  -218  -218  -218  -218  -218  -218  -218  -218  -218  -218  -218  -218  -218  -218  -218  -218  -218 
 -269  -263  -256  -227  -198  -198  -198  -198  -198  -198  -198  -198  -198  -198  -198  -198  -198  -198  -198  -198  -198  -198  -198  -198  -198  -198  -198  -198  -198  -198  -198  -198  -198  -198  -198  -198  -198  -198  -198  -198  -198  -198  -198  -198  -198  -198  -198  -198  -198  -198  -198  -198  -198  -198  -198  -198  -198  -198  -198  -198  -198  -198  -198  -198  -198  -198  -198  -198  -198  -198  -198  -198  -198  -198  -198  -198  -198  -198  -198  -198 
 -248  -244  -240  -208  -177  -177  -177  -177  -177  -177  -177  -177  -177  -177  -177  -177  -177  -177  -177  -177  -177  -177  -177  -177  -177  -177  -177  -177  -177  -177  -177  -177  -177  -177  -177  -177  -177  -177  -177  -177  -177  -177  -177  -177  -177  -177  -177  -177  -177  -177  -177  -177  -177  -177  -177  -177  -177  -177  -177  -177  -177  -177  -177  -177  -177  -177  -177  -177  -177  -177  -177  -177  -177  -177  -177  -177  -177  -177  -177  -177 
 -224  -220  -216  -182  -148  -148  -148  -148  -148  -148  -148  -148  -148  -148  -149  -148  -149  -149  -149  -148  -149  -149  -149  -148  -148  -149  -148  -148  -148  -149  -148  -148  -149  -149  -148  -149  -150  -150  -150  -150  -150  -150  -151  -151  -149  -148  -149  -149  -149  -150  -150  -149  -150  -151  -152  -152  -151  -151  -151  -150  -150  -149  -150  -150  -149  -149  -149  -148  -149  -150  -149  -149  -148  -148  -148  -149  -149  -148  -147  -148 
 -205  -203  -199  -163  -126  -127  -126  -127  -126  -127  -126  -126  -126  -125  -125  -125  -126  -126  -126  -125  -127  -127  -127  -127  -127  -127  -127  -126  -127  -126  -125  -125  -126  -125  -125  -126  -127  -127  -127  -127  -127  -127  -128  -129  -127  -126  -126  -127  -127  -129  -128  -127  -127  -128  -128  -128  -128  -128  -128  -128  -129  -129  -130  -130  -129  -129  -128  -126  -128  -128  -127  -127  -125  -125  -125  -126  -127  -126  -124  -127 
 -189  -186  -182  -144  -106  -106  -106  -106  -106  -107  -106  -106  -106  -104  -105  -105  -107  -108  -107  -107  -109  -110  -111  -111  -111  -110  -109  -108  -108  -108  -106  -105  -106  -105  -104  -104  -107  -108  -108  -109  -110  -109  -110  -111  -109  -108  -107  -107  -106  -107  -105  -105  -105  -106  -105  -105  -106  -107  -107  -106  -107  -107  -108  -108  -107  -106  -106  -104  -105  -107  -105  -105  -104  -104  -105  -106  -107  -106  -104  -106 
 -176  -172  -169  -128  -87.6  -88.5  -87.1  -86.4  -86.5  -87.8  -88.6  -88.6  -88.3  -86.1  -87.9  -87.9  -90.8  -92  -90.6  -89.9  -91.2  -91.4  -94  -93.1  -93.5  -93.3  -91.2  -90.4  -89.7  -90.3  -88.6  -87.5  -89.5  -87.9  -84.9  -86.7  -89.6  -90.7  -89.8  -90.7  -90.5  -88.4  -89.5  -90.4  -87  -86.2  -86.8  -86.2  -85.3  -86.3  -86.4  -87.4  -87.3  -88.9  -88.7  -87.5  -88.2  -90  -91.2  -90.3  -90.5  -91.7  -93.7  -92.5  -93.3  -92.4  -91  -87.4  -89.2  -89.1  -87.8  -87.8  -86.9  -86.7  -87.4  -89.9  -90.6  -89.9  -88.9  -90.1 
 -162  -160  -156  -113  -70.3  -70  -68.4  -68.9  -70.1  -72.6  -73.3  -73.3  -73.1  -72  -73.8  -74.1  -75.8  -77  -75.6  -73.7  -74.1  -74.6  -75.9  -75  -75.2  -75  -72  -70.2  -70.7  -71.4  -69.4  -68.2  -70.3  -68.6  -65.7  -67.2  -71.1  -71  -70.1  -71.3  -71.3  -69.2  -70.3  -71.2  -68.1  -66  -67.9  -67  -67  -69  -69.3  -70.5  -70.7  -73.2  -73.2  -70.9  -72.8  -73.6  -73.6  -73.7  -73.9  -76  -78  -76.6  -77.6  -76.7  -75.1  -71.7  -72.3  -73.2  -71.9  -70.9  -71.3  -71  -71.7  -74.2  -75.8  -75.4  -73.2  -73.3 
 -149  -146  -142  -98.4  -54.4  -55.1  -53.4  -52.7  -54.2  -56.7  -58.4  -58.4  -57  -55.9  -56.5  -57.7  -59.7  -60.6  -59.5  -56.6  -57  -57.8  -58.1  -57.5  -57.7  -58.4  -55.7  -53.9  -54.1  -55  -52.8  -52.6  -55.6  -52.8  -48.6  -50.2  -54.9  -54.9  -53.7  -54.9  -53.9  -51.9  -53.2  -54.4  -52.2  -49  -52  -51.1  -52.3  -54.1  -53.4  -55.6  -56.7  -58  -58.3  -55  -57.1  -58  -59.2  -59.2  -59.4  -60.6  -63.8  -63.4  -64.3  -63.2  -61.6  -57.3  -57.9  -58.8  -57.4  -55.3  -54.4  -54  -55.8  -57.1  -58.7  -58.3  -56.1  -56 
 -138  -134  -131  -86.2  -40.3  -40.9  -38.1  -38.6  -41.3  -42.6  -44.3  -44.3  -42.8  -41.5  -42.1  -43.6  -45.6  -45.5  -45.6  -43.7  -44.1  -44.8  -46.4  -45.8  -47  -47.7  -44.9  -43.1  -42.1  -43.3  -39.9  -39.7  -41.4  -37.4  -32.3  -33.8  -38.6  -38.6  -37.2  -39.5  -38.6  -37.7  -40.3  -42.4  -40  -36.7  -39.8  -39.1  -40.3  -41.1  -39.5  -41.7  -42.8  -44.2  -43.2  -41.1  -44.2  -43.9  -45  -45.1  -44.3  -45.5  -48.9  -49.7  -50.7  -48.3  -46.7  -42.2  -43.7  -45.6  -43  -40.9  -38.8  -37.4  -39.5  -41  -43.9  -43.5  -40  -39.9 
 -126  -123  -119  -73.6  -25.5  -26  -23.1  -22.7  -25.6  -28.1  -29.8  -30  -28.6  -28.5  -30.4  -31.8  -33.6  -34.5  -33.6  -31.7  -32.1  -31.6  -32  -30.3  -32.5  -34.4  -30.7  -28.9  -27.9  -28.8  -25.6  -25.5  -28.2  -24.2  -18.1  -19.6  -24.2  -22.9  -21.5  -23.8  -23.1  -22.3  -23.9  -25.7  -24.3  -21.1  -24.1  -23.4  -24.4  -25.2  -22.3  -24.5  -25.7  -27  -27.2  -25.2  -28.5  -29.4  -30.6  -30.9  -29.9  -31.3  -33.5  -33.3  -34.5  -33.2  -30.3  -25.8  -27.1  -30.1  -27.6  -26.7  -24.6  -24.2  -25  -27.8  -30.6  -30.5  -27  -26.7 
 -114  -113  -108  -61.7  -11.6  -11.8  -8.96  -8.48  -12.6  -15.4  -17.1  -17.1  -14.4  -15.6  -18.7  -21.1  -22.9  -22.8  -21.9  -20  -20.7  -20.2  -19.5  -17.9  -18.8  -20.8  -18  -16  -13.8  -15.7  -13.7  -13.3  -15  -12.2  -5.17  -5.72  -10.5  -10.5  -7.82  -10.2  -9.48  -9.62  -9.96  -11.8  -10.4  -7.14  -10.2  -9.5  -10.5  -11.5  -8.67  -11.1  -13.2  -14.3  -15.6  -12.2  -15.8  -15.7  -16.9  -16  -15  -15.4  -17.6  -17.4  -19.9  -19.5  -16.7  -11.9  -13.4  -16.2  -14.7  -14  -10.7  -9.25  -10.1  -13.9  -17  -16.8  -14.6  -13 
 -108  -106  -102  -54.4  -4.67  -4.56  -1.74  -2.26  -6.17  -9.96  -11.4  -11.4  -7.74  -8.88  -11.1  -14.8  -16.3  -16.5  -14.3  -12.7  -13.1  -12.6  -10.7  -11.5  -11.2  -11  -10.3  -9.53  -7.1  -8.13  -7.04  -6.34  -6.99  -5.21  0.721  2.26  -0.397  -1.63  1.29  -2.08  -1.86  -2  -0.462  -2.28  -1.92  -0.0456  -2.21  -2.8  -2.51  -2.22  0.639  -2.62  -3.94  -4.78  -4.68  -0.11  -4.56  -5.94  -7.37  -6.32  -5.08  -7.36  -8.48  -8.52  -13.1  -11.7  -7.9  -3.93  -4.61  -6.57  -3.98  -4.58  -2.34  -0.125  -0.983  -4.64  -7.77  -8.49  -7.63  -5.16 
 -99.9  -97.1  -92.8  -43.4  8.23  9.19  10.6  9.07  4.28  1.6  -1  -0.766  2.65  0.125  -3.21  -6.87  -6.5  -6.68  -4.53  -2.85  -3.65  -4.15  -1.82  -1.16  -0.639  -1.3  0.465  0.14  1.53  0.648  1.86  2.3  1.65  3.21  7.87  8.14  6.63  5.4  8.05  4.72  3.93  2.52  4.28  4.59  5.1  5.71  3.32  2.96  2.2  4.64  7.89  4.67  2.49  1.49  1.49  6.06  2.76  3.27  1.84  1.62  3.71  1.28  0.165  -0.889  -5.27  -4.14  -2.43  0.433  0.643  -1.95  0.8  1.46  4.97  7.19  6.59  4.44  1.31  1.85  2.49  5.81 
 -93.7  -93.3  -90.4  -40.5  12.8  13.3  15.7  15.1  10.3  7.63  6.55  6.55  10.2  5.55  3.61  -0.0487  1.22  1.92  4.22  5.52  6.87  6.6  11.1  11.7  11.1  10.7  10.5  10.2  11.8  9.86  9.79  8.07  7.16  8.75  11.2  11.3  9.6  9.51  13.2  12  12.4  9.06  9.54  10.9  12.7  14.5  9.73  7.45  5.56  8.14  12.4  11.4  9.22  7.96  6.56  12.1  9.75  9.21  8.02  7.8  9.02  6.58  5.96  3.89  0.00609  0.000464  3.64  6.26  6.47  3.74  5.2  4.58  8.33  9.26  9.8  7.65  4.75  5.53  5.26  9.86 
 -87  -87.9  -85  -34.1  19.9  19.4  20.5  18.1  13.9  11.7  12.8  12.8  16.3  11.9  10.9  8.72  10.9  11.9  12.6  13  13.7  13.2  18.4  19.1  19.1  18.7  16.4  17.1  17.3  15  15  12.2  11.2  11.9  14.5  15.5  12.8  14  18  16.1  16.3  11.8  11  12.3  13  15.1  11.4  8.89  8.03  10.9  17.6  19  15.8  14.8  15.6  18.7  16.1  16.5  16.4  16.2  17.2  16.7  18.3  14.8  12.1  11.3  13.7  15.2  14.1  9.21  9.65  7.74  11.7  14  14.3  13.5  10.6  11.4  13.3  18.3 
 -85.1  -84.8  -83.2  -31.7  23  20.3  21.2  20.9  18  17  19.1  20.1  23.3  18.8  18.8  16.9  17.9  18.6  20.4  19.9  19.9  19.9  25.2  24.9  26  25.9  22.6  22.3  23.7  21.5  20.9  18.1  18.4  19.1  21.7  21.4  19.7  19.4  23.2  21.8  22.2  17.5  15.4  15.4  16.3  17.5  15.3  12.5  12.3  16  23  25.7  23.8  25  26  27.7  26.3  26  23.5  24.2  25.2  24.6  26.2  22.4  19.9  18.1  20.3  23.4  21.1  16.1  17.8  14.7  19.9  22.4  22.7  22  19.7  19.7  20.4  24.2 
 -82.1  -81.8  -80.3  -26.9  29.4  27.5  29.5  29.1  26.4  24.1  26.1  25.8  26.5  20.9  20  19.1  20.3  19.7  23.1  21.6  21.7  23.2  28.8  27.5  28.8  28.6  25.6  25.1  27.3  25.2  24.2  22.1  23.3  22.6  25.3  26.3  24.4  24.2  29  26.6  26.1  22.6  19.7  19.7  21.5  22.9  21.9  17.8  20.1  22.5  27.3  32.2  30.2  29.9  31.2  32.2  31  30.5  30.2  30.9  31.6  30.1  33.1  30.3  27.9  26.8  28  30.1  28.9  22.8  25.6  21  24.7  26.7  28.2  26.3  24  23  23.7  27.3 
 -76.8  -77.4  -76  -20.8  35  33.4  34.5  36.6  34  30.5  31.5  32.3  32.9  28.2  25.9  25.2  26.5  26.3  29.5  30.1  30.1  31.6  38.7  38.7  39.7  39.5  36.2  37  38  35.2  32.9  30.8  29.5  28.6  30  31  28.9  27.6  32.2  31  30.5  29.6  28.1  29.1  30.7  32.3  32.6  30.1  32.4  32.6  35  39.9  38.2  38.2  38.3  40.2  39.7  37.7  37.4  39.2  37.6  36.1  39.4  36.5  34  30.7  30.8  33.7  32.4  27.3  27.5  23  26.5  26.5  29.6  28.9  27.9  27.9  27.4  32 
 -74.1  -75.1  -75  -19.4  36.9  35.4  35.4  37.6  36.3  32.7  35  37.1  39.1  35.6  34.6  35.2  35.1  36.2  38.4  38.7  37.7  38  42.6  40.2  41.9  44.3  39.9  40.8  42  40  38  37.2  38.2  37.6  37.8  38.8  37.5  34.7  38.3  36.7  36.5  35.6  32.9  33.6  35.9  37.5  37.8  35.3  36.3  35.1  35  38.9  36.1  36.1  37.7  39.9  40.7  40.9  40.7  42.7  41.9  40.6  41.6  36.4  33.9  31.6  29.5  33.4  31.8  28  28.2  24.9  29.5  30.4  31.2  32.9  31.8  33.1  31.6  35.9 
 -69.6  -68.4  -69.3  -13.2  43.6  42.1  41.8  42.7  41.6  36.9  39.5  40.2  42.3  38.7  37.6  38.2  38.1  39.2  42.5  42.8  43.1  42.1  45.6  44.7  46.2  49.6  45.2  44.7  44.4  43.7  44.2  44.6  43.3  44.1  42.3  43.4  43.4  41.8  42.8  41  39.4  40.5  36.6  37.3  39.6  41.2  41.5  40.3  41.3  40.4  40.3  43.1  42.6  42.7  44.2  45.4  46.2  45.7  46.6  47.6  48.1  45.6  46.3  42.2  40.9  39.9  36.4  40.1  37.4  33.3  33.5  30.4  33.8  33.7  34.2  38.2  37.4  40.1  39.8  43.9 
 -65.1  -64.9  -67.1  -10.7  47.6  45.8  45.8  48  47.7  42.9  45.5  45.2  47.7  44.3  42.1  43.4  42  43.6  45.7  46  47.4  46.3  48.9  50.2  50.8  54.2  49.5  50.3  49.7  49.3  48.4  47.2  45.9  46.7  43.8  43.8  43.7  43.6  43  43.3  43  43.1  38.2  39.7  43  45.2  44.1  44.2  42.9  42  43  46.8  46.9  46.9  46.8  46.8  48.7  50.5  51.6  51.6  52.2  50.6  51.1  48.3  48.3  45.2  40.7  43.8  41.5  36  34.9  33.4  35.7  34.6  34.9  39.9  39.3  41.7  42.7  45.8 
 -65.3  -64.1  -67.6  -11  47.8  47.6  48.9  52.6  52.6  47.9  50.7  50.4  53.1  48.6  45.1  45.3  41.6  41.9  43.9  44  46.9  45.8  49.4  50.5  51  55.3  50.3  51.3  52.1  50.1  48.2  47.3  47.3  49.4  46.7  49.1  47.4  47.6  46.1  47.2  46.6  48  41.7  43.3  45.4  50.1  48.8  50.2  50.5  49.7  49.3  54  52.7  53  50.5  49.5  50.8  51.3  51  51  50.7  50.5  52.3  51.9  52.9  49  44.4  48.9  47.6  43  41.7  38.9  39.9  38.9  39.9  43.6  41.8  41.8  42.8  46.2 
 -66.1  -63.3  -64.5  -8.58  50.8  50.9  53.4  56  56  52.6  53.9  53.9  57.4  52.6  47.7  47.9  44.2  45  44.4  44.7  46.6  45.5  48.1  49.2  50.2  54.3  48.9  51.3  52.1  49.8  49.2  50.3  52  53.6  53.5  57  56.5  55.4  54.3  53  52.7  54.8  49.8  49  48.7  50.8  51.9  53  54.3  51.9  49.2  51.8  50.3  50.8  49.9  46.8  48.1  50.2  48.8  48.8  48.3  49.1  52  52.3  53.1  49.2  43.3  47.8  46.5  43.1  42.1  40.2  41.3  42.6  45  47.7  46.9  46.9  47.9  51 
 -62.7  -60.3  -60.1  -5.2  54.6  55.4  58.9  62.9  63.2  59.5  58.7  58.4  63  57.9  53  52.2  47.1  46.3  47  48.4  48.9  47  48.8  48.9  50.2  55.3  52.6  54  56.1  56.1  56.9  59.1  62  63.1  60.6  63.9  63  59.3  55.8  55.5  54.2  56.2  52.8  53.1  53.1  56.6  59  60.3  59.3  58  53.7  54.8  53.4  53.9  50.4  48.6  51.2  54.7  53.4  53.6  53.6  53.4  55  57  57.8  54.9  48.7  52.9  52.9  49.2  50.5  48.6  48.1  48.1  50.5  52.9  52.6  51.3  52.4  54.2 
 -60.8  -59.7  -58  -3.04  57.1  59  63.6  65.4  65.7  63.1  62.6  59.9  64.8  60.7  55.9  54  50  50.5  49.1  49.9  50.2  46.9  47.4  48.5  49.6  53.4  49.6  52.3  53.4  54.5  56.9  59.3  61  62.1  60.7  66  63.8  61.7  58.8  58.2  55.5  58.2  56.3  56.8  57.1  60.3  61.1  62.2  61.3  60.1  54.5  54.4  53.1  52.1  49.7  48.1  49.6  52.6  53.6  55.2  55.3  56.1  58  60.2  62.1  61.6  55.4  58.6  58.4  55.4  55.7  53.8  52.9  52.9  55.4  56.6  55.3  53.9  55  55.5 
 -58.5  -59.8  -57.1  -1.75  59  60.9  64.1  66  66.3  65  65.6  64.4  69.2  66  62.3  60.7  56.9  58.2  55.5  57.4  56.3  52.8  52.3  54.4  55.2  59.8  56  57.9  56.8  57.9  59.5  60.8  62.5  63.5  61.1  64.1  62.9  60.8  57.9  59.5  56.8  57  56.5  57.3  57.6  60.8  62.7  64.8  61.6  62.5  59.2  56.5  56  55.2  51.4  49.5  51.1  55.7  54.6  56.5  56.8  57.9  60.9  64.2  66.1  64.8  59.5  62.6  61  59.1  57  54  53.4  54  55  56.3  54.9  54.9  56  57.8 
 -57.6  -57.7  -54.9  0.406  62.5  64.4  67.3  69  69  66.6  68.2  66  69.7  65.7  61.9  61.4  57.9  59  57.6  58.2  57.1  53.6  52.5  54.7  56.8  61.1  56.5  57.1  56  58.4  60  61.6  64.3  64.3  61.1  65.4  65.9  65.1  61.9  63.6  60.8  60  58.2  60  60  61.7  61.9  62.7  59.5  61.4  58.1  55.4  54.6  52.4  50  48.7  50.5  56.5  54.3  56.3  57.9  58.9  63.1  67.7  68.2  68  62.6  66.1  65.5  64.7  63.9  60.9  59.2  62.3  62  63.3  61.7  59.4  59.5  60.5 
 -55.9  -55.7  -51.6  5.26  67.3  68.6  72.4  74.1  73  70.8  72.5  69  70  64.9  60  58.4  54.9  55.7  55.7  55.2  55.4  53.3  54.9  59.5  61.7  66  62.8  63.1  61.7  62.8  64.4  64.4  65.8  64.4  61.2  64.1  63.8  63.3  61.2  63  60.3  59.5  57.9  60.1  60.3  60.6  60.9  60.5  58.4  60.5  58.9  58.6  58.6  57.8  56.2  55.7  56.5  60  58.9  60.9  61.4  62.5  67.4  73.6  74.7  74.5  71.2  73.7  73.1  70.9  70.1  66  63  65.7  67.6  68.2  66.8  63.5  64.6  64.6 
 -55.4  -56.3  -52.5  4.57  65.4  65.1  69.2  73.6  72.4  70.3  71.6  68.1  68.9  65.1  61.5  61  57.5  57.3  57.3  57  57.3  55.4  58.2  62.8  63.9  67.1  66.1  67.4  66.3  67.1  67.4  65  67.7  67.1  65  65.8  64.7  62.8  62.3  65.5  65.3  63.1  61.8  62.6  62.8  63.1  64.4  61.4  59.5  61.9  59.2  60  60  58.9  58.4  56.5  58.7  60.6  58.4  60.1  58.2  59.3  65.8  71  73.4  73.2  72.4  74.6  76.7  75.9  75.1  70.7  67.7  70.1  72  70.1  69.1  63.1  62.7  62.8 
 -54.5  -55.4  -50  8.61  70  69.4  73.1  78.4  76.2  75  76.4  73.7  71.7  67.6  64.1  62.5  60.6  60.1  60.1  59.5  59  57.1  59.6  63.2  65.4  67  65.9  67.2  66.7  66.9  69.7  68.9  71.6  71  69.1  71.2  69.1  65.5  65.3  67.5  66.1  65  65.1  64.8  62.6  61.5  65.6  63.9  62  63.9  60  58.1  57.8  58.2  60.4  58.5  59.6  61.8  59.6  61.3  60.5  62.7  67.8  71.6  74.1  74.7  73.9  76.6  79.9  80.7  80.1  75.5  72.4  73.5  75.7  72.4  71.3  65.6  62.8  64.2 
 -52.8  -55  -48.6  9.12  70.7  68.7  70  76.4  73.9  73.9  75.5  71.7  71.1  67  64.8  65.6  64.8  65.6  64.6  63.7  62.9  60.7  63  66.5  68.4  67.8  66.5  69.2  69  69.5  72.2  71.7  73.3  71.7  71.9  71.9  70.9  65.6  67.8  70.1  69.8  68.7  70.1  69  68.2  65.7  71.2  67.9  66  66.5  61.3  56.9  57.4  57.4  61.3  60.8  61.1  63.5  63  66  67.4  69.9  74.8  75.8  75.8  77.5  76.4  77.7  79.9  78.6  77  72.6  70.9  73.1  75.6  73.7  73.7  70.4  67.6  69 
 -46.2  -50.2  -46.2  12.7  73  70.8  71  77.3  74.9  73.8  76.8  72.7  71.3  69.6  68.5  69.7  68.9  69.4  68.3  68.8  68  65.8  68.3  71.9  72.1  71.3  71.3  74  71  72.9  74.3  72.4  72.7  71.3  69.1  68  66.9  64.2  66.4  71.1  70.8  70  72.8  73.1  72.2  71.1  75.5  73.3  70  70.8  65.6  60.9  62.8  64.2  66.4  65.8  66.4  68.6  67.8  70.8  73.5  74.9  78.2  79.8  79.8  81.5  80.9  83.4  85.6  82.8  80.9  77.1  75.2  77.6  78.5  77.7  76.9  74.7  73.3  74.7 
 -47.3  -50.7  -49.5  9.49  68.8  68.3  67.7  73.7  71.3  71.6  75.4  72.9  71.6  71  69.6  69.1  70.7  72.9  70.4  69.6  69.6  68.5  71  73.5  75.1  73.1  71.5  75.3  71.2  72.3  72.6  72.1  72.1  71  69.9  69.1  69.6  69.3  72.7  76  75.7  76  78.5  78  75.8  73.3  76.6  73  72.5  71.9  67.2  62.8  65.5  68  70.2  68.3  68.8  68.3  67.4  69.9  72.1  73.8  76  76.2  77.3  79  78.7  81.4  82.5  81.4  76.8  74.3  74.8  76.2  76.7  77  74.6  74.9  71  73.5 
 -41.4  -44.6  -43.4  15.7  74.9  72.9  70.2  77  74.3  72.1  76  74.9  73.5  73.5  71  72.7  72.2  73.5  72.1  71.6  71.6  71.8  72.9  76.5  77  77.6  75.6  79.2  75.9  75.6  74.3  74.6  74.6  72.4  70.2  69.6  71.6  69.9  73.3  76.8  77.9  78.2  81.6  80.7  76.9  74.7  79.6  76  75.2  74.6  71.1  66.6  69.6  72.4  72.1  69.9  71.6  71.6  68.6  68.6  71  72.7  75.7  75.7  74.6  74.9  73.2  76.8  79.3  77.1  70.7  68.8  70.7  73.2  74  76.8  76  77.4  74.9  80.2 
 -37.5  -40.8  -42.1  15.7  75  73.3  70.5  76.6  72.7  70.8  76.1  76.1  77.2  76.1  72.2  73.6  72.5  75.6  72.8  71.1  71.1  70.3  72.5  76.1  76.6  77.7  75.7  81.5  77.9  78.8  77.4  79  79  77.4  74.9  75.5  77.4  76.9  78.8  82.7  83.8  84.1  86.9  86  80.8  76.1  78.9  75.5  74.4  71.4  68.1  65  68.3  71.1  73.6  72.8  73.3  71.9  70  69.5  72.2  72.2  73.8  71.4  70.3  71.4  71.1  74.7  76.3  73.8  70  69.4  72.5  73.3  74.4  77.4  77.7  80.2  77.7  81.6 
 -36.3  -41  -42.6  14.2  73.5  71.2  69.8  76.2  72.3  71.2  77.9  78.2  81.8  80.7  78.5  78.5  76.8  78.7  76.3  73.5  73.5  72.4  74.9  76.8  77.6  79  79.5  85  81.4  81.7  80.6  81.9  82.2  80.3  78.9  78.1  77.6  77.8  80.4  84.2  85.3  85.6  89.8  87.9  82.6  79.3  82.3  77.6  76.2  73.2  69.9  66.8  70.4  74.6  77  74.8  76.5  74.3  72.4  71.8  73.2  71.8  72.4  69.9  71.2  71.2  70.7  74.3  75.9  73.7  71.2  69.3  72.3  72.1  73.2  75.1  75.7  78.2  75.4  79 
 -37.5  -39.7  -41.6  13.8  72  70.1  68.9  75.6  72  71.7  76.7  78.4  83.3  84.4  83.3  83.3  82.8  83.3  79.5  77  75.6  74.5  74.5  75.6  76.7  75.3  75.8  81.9  78.3  78.9  77.5  79.1  79.1  78.3  78.6  78.9  77.8  79.4  82  85.8  88.3  87.5  91.4  87.8  81.4  78.4  80.1  76.4  75.3  72  68.4  62.9  66.8  70.9  72.3  70.1  72.9  70.7  69  69.5  72.3  72.3  72.8  70.1  70.1  69  68.7  72  73.7  71.5  68.7  67.9  72.3  72.3  72.3  72.6  72.8  75.3  72.6  77.3 
 -38.8  -39.9  -41.6  13.8  73.4  71.7  69.5  73.4  69.5  72  75.9  79.7  85  86.1  86.1  87.5  88  89.7  83.3  80.6  77  77  75.6  75.6  76.7  75.3  73.6  81.1  77.5  79.1  77.8  79.4  79.1  75.8  76.1  78.6  75.8  80  82.5  85  87.5  86.9  90.5  88.6  82.5  79.5  80.4  77.8  76.7  72  69.8  65.9  68.4  71.2  74  72.9  74.8  72.6  72.3  71.5  74  72.9  73.1  70.1  68.7  67  66.7  70  70.3  68.1  67.5  67  70.3  69.2  69.5  69.8  69.8  74.8  73.4  77.3 
 -39.2  -40.6  -42.3  12.8  72.3  70.9  69.8  71.2  67.1  68.5  72.6  76.5  83.4  84.2  85.6  88.4  89.7  91.7  85.3  82.5  77.6  76.2  75.1  75.1  75.4  74.6  74.3  81.7  76.8  80.1  79  80.3  79.8  77.3  77.3  77  75.6  82.2  84.5  87  89.7  89.5  90.6  88.7  85.1  82.9  82.6  78.7  77.3  71.5  69  67.9  70.4  72.1  73.8  72.6  75.7  72.1  73.2  72.7  73.8  71.6  72.9  69.9  68.2  65.7  66.8  69.8  68.4  66.2  65.4  63.8  68.4  67.6  69  70.7  70.4  74.3  74.3  79.5 
 -35.7  -37.1  -41.3  15.2  74.6  73.5  73.8  74.1  70  70  73.8  80.2  85.4  87.4  88.5  89.9  90.1  91.8  86.8  83.2  76.9  75.8  73.9  74.2  74.4  75.8  74.7  80.8  76.6  79.9  79.9  79.6  77.4  73.6  72.5  74.4  73.3  81.3  82.1  82.4  85.5  85.2  87.7  85.5  79.4  76.9  75.6  73.3  71.7  67  65.9  65.8  68.9  72  72.2  70.9  73.6  70  70.9  71.7  72  69.2  70.8  69.2  67.8  65.3  68.9  70.8  68  65.6  63.6  60.3  64.7  63.9  65.3  65.9  66.9  70.8  71.9  78.5 
 -38.3  -39.8  -42.6  13.8  74.6  73.8  74.3  75.7  70.2  71.3  75.4  80.4  84.3  85.1  85.9  87  87.5  89.2  85.6  81.8  75.4  75.4  72.9  73.2  74.9  76.6  76.6  81.2  78.2  82.6  83.9  84.2  82.3  78.4  78.2  80.4  79.3  86.4  85.9  84.8  87.3  87  88.1  86.2  79.9  77.1  75.5  73.5  71  65.2  64.9  66.3  68  71  71.9  71.9  74.4  71.9  75.2  74.9  73.8  69.7  70.2  66.9  64.1  60.6  63.8  63.6  62.2  60.8  61.3  58.9  64.6  63.5  66.5  66  68.2  70.7  69.3  75.1 
 -38.6  -41.7  -42.1  14.2  74.9  72.4  72.7  74.1  69.6  68.2  73.8  77.3  81.2  82.3  83.7  85.1  84.5  84.8  83.7  78.7  73  71.9  69.1  70.5  71.9  73.5  74.9  78.5  76.5  79.3  80.4  79.3  77.1  73.5  74.6  77  75.9  83.4  82.8  84.5  87  84.5  85.4  82.9  77.4  74.6  72.7  72.1  66.9  62.4  61.9  63.2  64.1  66.1  68  69.1  70.2  70.5  73.5  73.5  72.7  69.4  71  67.9  64.1  61.9  64.9  64.9  65.7  64.1  64.9  61.3  66  66.3  69.3  67.7  71.2  72.6  71.5  76.2 
 -42.5  -45.6  -46  10.5  71.1  68.9  70.3  71.9  66.7  68.1  72.2  75.5  79.4  79.1  80.5  82.1  82.6  83.7  81.3  76.3  70.5  68.9  68.9  70.3  71.3  71.6  74.4  78.2  77.6  80.7  82.3  80.1  77.9  74.3  74.1  75.4  74  80.4  78.5  78.5  79.6  77.2  78.3  78.5  73  70.3  68.1  67.8  64.2  59.7  58.1  59.5  59  60.9  64.2  67  69.5  69.2  74.7  76.8  75.5  72.1  73.7  69.3  66.3  64.1  68.5  67.1  66.8  65.5  67.7  63.8  68.8  67.9  70.7  68  71.2  71.5  70.4  73.5 
 -46.4  -48.2  -47.2  9.1  68.2  65.4  67.1  69.6  65.4  66.5  69.3  70.9  75  76.1  77.8  79.5  80.5  78.9  79.2  72.9  67.4  64.4  64.4  66  67.1  67.1  70.9  73.7  75.5  77.5  80.2  77.7  74.2  70.3  70  71.7  70  75.6  73.7  73.6  75  75.1  76.4  75.3  69.9  68.2  65.7  66.5  64.3  59.9  55.5  56.9  57.5  59.4  61.6  63  65.5  63.8  70.7  74.2  72.6  70.6  73.6  69.2  67.6  65.3  68.6  67.3  68.3  68.6  68.6  63.4  68.6  68.9  71.7  69.7  71.9  69.5  67  71.4 
 -49.4  -51.2  -51.1  6.46  64.3  63.2  63.8  65.9  64.5  64.5  67  69.4  70.8  72.7  74  74.6  74.9  73  73  68.1  62.9  60.2  60.1  61.8  63.9  65.3  67.7  72.1  74  74.8  77.3  73.8  70.5  66.9  66.4  68  67.4  71.9  71  71  73.5  72.9  74  72.9  68  66.4  62.8  65  64.4  59.2  56.2  57.6  56.8  58.2  59  62.6  63.7  61.5  69.4  72.2  71.6  71  74  69.4  66.9  65.7  69.3  66.6  67.7  65.5  64.1  59.2  64.7  63.3  66.1  65.5  67.7  66.1  65  69.4 
 -49.3  -53.6  -53.5  3.88  62.9  60.7  61.3  62.1  60.4  60.7  63.4  64.4  67.2  68  70.7  72.1  73.4  73.2  72.9  69.1  65.2  61.1  61.9  63  65.5  67.1  67.9  70.9  73.9  73.4  74.8  71.5  68.8  65.2  64.6  66.8  66.6  69.6  68.8  68.8  69.6  68.8  68.8  67.7  63.7  64.4  62.3  64.5  63.6  59.8  56.8  59.3  58.5  57.4  58  60.7  61.8  62  67.5  69.1  67.2  66.3  70.7  64.9  62.2  62.4  63.6  62.2  64.6  65.2  64.4  58.4  62.8  62.7  64.2  66.3  68.5  65.5  63.1  67.2 
 -51.8  -56.1  -57.4  0.842  59.4  59.3  60.7  64.2  63.9  64.2  68.3  68.2  69.6  70.4  72.3  72.5  71.5  70.4  71.2  67.1  65.4  60.3  60.3  59.8  60.9  63.6  65.2  67.1  70.3  69  70.4  69.3  67.9  66.8  66.5  66.5  67.6  69.3  67.9  69.2  69  68.2  68.2  66.6  63.5  64.1  60.6  63  60.8  57  52.7  53.8  51.9  52.2  51.4  54.1  54.9  56.5  60.7  64.7  64.5  66  69  63.5  62.1  61.6  63  63.2  65.9  65.1  63.2  57.5  61.9  63  65.5  67.4  68.2  64.2  60.4  64.2 
 -53.7  -57.8  -60.5  -3.54  54.7  54.7  55.3  61.2  60.9  62.5  66.3  66.6  67.6  68.7  70.6  69.5  67.7  66.3  66.8  61.7  62.5  58.7  57.3  55.5  56.3  58.7  59.3  61.5  66.9  64.2  64.2  64.1  64.1  64.6  65.7  68.1  67.9  68.4  67.1  68.4  67.9  67.1  68.2  65.2  61.1  60.6  55.7  59.5  58.7  55.2  50.9  50.6  50.1  50.1  49  52.8  52.2  55.2  59.2  63  62.7  64  67.3  63.2  62.3  62.9  62.9  62.9  65.8  65  62.1  56.4  59.5  61.4  62.5  64.4  65.5  62.5  57.5  61.2 
 -58.8  -62.7  -64.3  -7.89  49.8  49.5  51.4  56  54.6  56.8  59.6  58.7  60.3  60.6  63.9  62.5  63.1  62  60.9  57.9  59.8  56.8  56.3  54.1  55.5  56.9  59.8  63.3  66.6  62.8  62  63.4  63.6  65.2  66.3  66.3  65.8  67.7  67.7  70.1  69.5  70.1  69.5  66.8  64.9  64.9  58.7  61.1  59  53.4  47.7  46.7  45.9  46.2  44.8  49.9  49.4  53.4  58.8  62.5  63.3  63.6  64.1  61.3  61.3  63.2  62.1  62.9  67  66.2  65.4  62.1  62.8  63.9  63.6  65.5  64.5  59.1  54  56.4 
 -59.8  -62.3  -65.3  -9.19  47.9  48.9  50.8  54.3  54.3  55.1  55.2  56.8  58.4  59  62.2  59.6  59.6  57.5  55.1  53.4  54.2  50.2  49.9  47.8  49.1  50.8  52.6  57.2  60.4  56.9  57.2  56.9  55.8  58.7  59.8  60.9  60.4  60.9  59.6  62.3  62  62.5  61.7  59  58.2  58.5  52.6  55  53.7  50.2  44.8  43.8  43  41.9  39.2  45.1  44.6  47.8  52.3  57.2  57.9  59.5  60.4  60.3  61.9  64.9  63.6  64.1  68.1  67.6  65.7  61.4  59.7  59.4  57.8  60.7  58.4  53  49.2  51.1 
 -62  -61.8  -65.9  -10.1  47.8  49.1  50.9  54.2  51.8  53.7  52.7  54.2  56.1  55.6  58.8  57.3  56.2  56.5  54  53.4  54.3  50  49.8  46.4  46.6  48.2  47.7  52.3  54.2  50.8  51  51.8  52.3  56  55.7  57.8  57  56.2  56.1  57.5  56.2  57.5  55.9  54.6  53.7  54.3  49.4  51.6  52.7  48.1  43  43.2  43.8  42.7  39  45.2  43.6  45.4  51  55.9  56.4  56.9  57.8  58.7  60.3  63  62.2  62.4  65.4  64.9  64.1  61.1  58  57.5  56.4  58.1  55.7  49  46.6  48.4 
 -62.8  -61.9  -64.9  -9.53  48  50.4  52.2  55.7  54.7  53.9  52.9  53.5  55.4  55.9  57.8  53.9  51.6  50.5  50.7  50.1  50.9  46.7  45.1  41.6  43.4  46.4  46.1  48  48.9  46.4  45.4  45.1  44.6  49.4  49.1  50.7  51.5  51.7  52.8  55.5  55.5  57.6  54.7  52  51.4  51.7  46.9  48  49  45.5  40.7  41  41.5  40.4  35.5  40.5  38.9  41  45.5  49.2  50  50.5  51.3  54.7  56.6  57.9  57.1  56.4  60.6  60.9  60.1  56.1  50.7  49.6  49.5  50.6  49.5  43.7  39.9  43.1 
 -65.2  -64  -68.1  -13  45.4  47.1  47.7  50.1  48  48.3  46  47.8  49.6  49.9  52.9  49.9  47.3  47.6  46.5  48.5  50.4  47.5  44.6  39.8  40.6  43.5  43.5  44.4  43.9  41.7  39.4  39.7  40.5  45.3  46.3  46.3  48.4  47.4  47.1  48.5  48.2  50.3  48.4  45.7  47.5  47.8  45.4  46.7  49  46.5  42.9  43.1  43.9  41.8  35.5  40.5  38.7  40.9  44  46.7  46.5  45.7  46.2  50.9  51.4  53  52.2  51.4  55.6  55.6  55.9  52.2  45.4  43.6  44.6  45.9  44.8  40.3  36.9  39.7 
 -65  -65.2  -68.2  -14.9  44.5  43.8  42.8  45.2  41.8  44.4  42  42.8  47  45.9  50.1  48.5  47.3  47.8  45.7  48  48.3  44.4  41.5  35.7  35.2  35.5  35.5  36  35.5  35.7  34.6  36  36.6  42.6  45.2  45.2  46.2  43.9  42.6  43.7  42.6  45.9  42.8  38.9  40.2  41.7  41.6  42.9  42.9  41.2  37.8  38.1  41.1  39.6  33.3  37.3  34.5  38.2  41.3  42.5  42.5  41.5  42  45.6  44.6  47.5  46.5  45.7  49.9  52  52.3  49.4  42.3  42.9  43.9  45.1  44  41.1  36.6  39.7 
 -69.8  -68.9  -72  -17.8  39.8  38.9  39  42.3  39.9  43.6  41.2  42  44.8  43.8  46.6  44  41.6  41.9  40.3  42.3  42.7  37.5  36.1  31.9  31.1  32.4  31.7  33  31.7  33.3  34.8  35.6  34.7  39.7  39.9  39.7  41  38.4  35.8  35.7  35.1  39.8  39.2  36.6  39.5  39.7  39.6  41.9  43.1  41.2  37.8  38  41.1  40.6  34.4  38.1  33.2  35.8  39.1  41.2  41.2  39.1  38.5  43.3  43.6  47.4  46.3  45.4  48.3  47.8  47.8  44.7  37.6  35.8  38.2  39.1  38.3  35.6  32.5  35.9 
 -70.2  -71.7  -73.2  -19.5  37.9  36.2  36.5  39.8  37.6  38.9  37.5  37.1  39.9  38.9  41.2  38.5  37.5  36.3  34.9  37  37.2  32.2  30.6  27.7  28  27  26.5  27.6  26.3  27.6  30.3  31.3  29.6  32.5  33.5  34.3  36.6  34.1  30.8  29.3  28.5  33.2  33.6  30.3  33  33.5  34.4  37.7  40.3  39.7  37.1  36.4  40.5  40  33.8  37.7  33.1  34.5  36.5  36.5  37.5  34.4  33.8  37.6  35.4  39  36.5  34.3  36.9  35.1  36.1  31.8  26.8  25.2  27.8  30  31.5  29.9  28.1  31.5 
 -73.5  -75.5  -76.1  -21.6  34  32.3  32.4  33.6  33  34  31.6  31.4  33  33.2  35.5  33.2  33.1  30.6  29.6  34.2  33.1  28  27.8  26  26.3  25.1  26.9  26.4  24.1  25.1  29.1  29  26.2  27.8  29.1  28.6  30.8  27.1  25.4  23.9  21.9  26.3  27.9  25.7  27.5  30.2  32.2  33  35.5  37  33.7  31.7  34.5  35.3  29.3  32.2  29  29.1  30  30.1  32.6  29.7  29.1  30.6  29.3  31.7  29.2  27.1  29.7  27.4  29.6  26.4  22.4  19.9  23.4  24.5  26  25.3  24.9  25.7 
 -78  -80  -79.4  -25.4  28.6  26.9  26.6  27.9  28.3  29.1  27.8  27.5  29.1  30.3  31.6  29.8  29.7  27.2  27.2  29.8  28.8  22.7  22.4  20.6  20.3  19.1  18.4  16.7  16.3  17.4  21.1  20.1  19.3  21.2  22.4  24.4  27.2  22.4  20.3  20.1  19  22.1  22.8  19.3  18.8  21.1  24.2  24  26.6  28.1  25.2  25.2  29.3  30.9  26.3  28.1  27.5  27.7  28.3  28.2  28.4  25.7  26.4  26.6  24.4  24.2  20.5  17.7  19.3  19.3  20.5  15.1  12.4  10.8  15.3  16.1  18.6  19  17.5  19.5 
 -85  -86.9  -84  -31.6  22.1  19  18.4  19.8  21.4  21.2  21.2  20.1  23.9  24.7  27.1  26.9  26.1  23.5  24.8  24.9  24.9  17.6  17.3  14.5  13.1  11.7  12.1  9.32  10.2  8.77  12.6  13.2  13.4  15.2  17.9  17.4  21.4  17.9  18.1  17.3  16  20.2  20  15.1  15.8  17.8  19.7  19.7  22.9  23.4  20.4  20.5  25.7  26.4  22.8  24.5  23.9  22.7  22  20.8  21  18.3  20  19.1  15.7  15.3  13  11.5  13.1  14  14  9.5  6.96  6.87  10.4  10.9  13.4  13.9  12.1  14.4 
 -86.7  -88.9  -86.1  -34.3  17.8  14.5  13.7  15  18  17.8  17.8  15.8  18.3  19.9  22.1  22.1  22.6  17.5  17.5  16.7  17.6  12.9  12.7  11.4  8.83  6.19  8.88  6.09  8.26  8.14  11.8  12.5  10.2  10.9  13.6  11.9  15.8  13.5  11.2  9.48  9.23  13.7  15.5  9.55  10.8  11.6  12.4  13.7  16.7  16.1  12.8  11.8  16.8  17.5  15.2  15.7  15.2  13.1  12.3  11  11.5  8.77  10.6  8.35  6.08  4.67  3.3  1.8  4.51  5.44  6.42  0.429  -0.805  -2.08  2.12  3.69  6.47  8.19  6.17  8.7 
 -93.6  -95.6  -93.9  -43  8.62  6.27  5.45  5.36  8.93  11.2  11.4  10.5  13  13.5  17.2  18.3  21.2  16.5  15.1  14  14.9  10.7  11.4  7.96  2.91  -2.19  -0.916  -2.41  -0.00973  -1.15  3.28  4.07  3.77  5.42  10.6  9.05  10.8  8.23  5.95  4.21  5.13  7.69  9.44  3.49  5.75  6.57  7.65  10.1  12.1  10.2  9.17  8.16  12  13.6  13.7  12.9  11.1  8.89  6.93  5.69  6.18  4.35  5.11  0.713  -1.56  -2.83  -4.2  -4.42  -4.15  -2.96  -1.98  -7.86  -8.07  -7.92  -4.75  -3.15  -1.66  1.49  -0.305  0.278 
 -98.8  -101  -98.2  -47.1  3.55  1.32  1.77  2.82  7.41  8.64  11.1  8.9  9.22  9.06  12.6  12.7  15.6  11  9.71  7.35  8.49  5.38  7  3.74  -0.297  -5.63  -5.64  -6.11  -4.35  -6.89  -2.32  -1.79  -0.951  0.928  4.79  3.65  3.27  2.6  2.51  1.68  2.59  3.87  4.37  -0.297  2.08  2.9  2.06  2.36  3.3  1.87  1.1  0.0848  2.84  4.37  5.52  4.64  5.27  4.14  1.04  -0.431  1.07  0.291  0.0369  -4.36  -5.49  -9.19  -10.3  -10.5  -10.5  -10.4  -10.3  -14  -13.1  -11.9  -7.61  -8.43  -6.04  -2.89  -4.57  -4.1 
 -105  -106  -104  -52.1  -2.49  -3.72  -1.77  -0.617  3.98  3.97  5.38  4.33  3.41  3.51  5.83  4.73  7.37  2.76  2.53  -1.2  1.21  -0.895  0.731  -1.27  -4.41  -8.7  -9.83  -12.2  -10.4  -14  -10.5  -9.93  -7.97  -8.25  -6.54  -7.68  -7.05  -5.57  -5.92  -7.61  -7.84  -7.8  -6.03  -8.31  -5.67  -5.01  -7.12  -7.93  -5.98  -7.15  -7.96  -8.08  -6.83  -4.67  -3.52  -4.4  -1.62  -4.01  -6.22  -6.43  -5.81  -7.22  -8.36  -11.5  -11.4  -16.1  -14.8  -15.1  -16.2  -17  -16  -18.4  -18.6  -18.2  -15  -18.2  -16.7  -13.9  -14.6  -14.2 
 -110  -111  -109  -58  -8.32  -7.2  -7.34  -8.06  -4.23  -5.24  -3.84  -3.76  -4.67  -4.58  -3.35  -4.45  -0.941  -6.64  -8.22  -11.7  -9.32  -10.2  -9.8  -12  -14  -18.1  -17.1  -18.4  -16  -20.6  -19.4  -18.7  -15.7  -15.2  -12.5  -13.8  -13.5  -11.7  -9.72  -10.2  -10.6  -10.4  -10.7  -13  -11.6  -11.8  -14.8  -16.8  -15.3  -17.1  -18.1  -17.1  -17  -15.7  -13.4  -14.3  -10.3  -13.5  -13.7  -15.7  -15.1  -15.4  -16.6  -19.5  -19.3  -25.6  -23.1  -25.4  -25.6  -25.2  -25.3  -25.5  -25.9  -23.5  -20.1  -23.4  -22.1  -18.2  -19  -17.7 
 -117  -118  -117  -66.6  -17.9  -16.8  -15.9  -16.8  -13.2  -14.3  -13.3  -11.9  -13.9  -14  -12.8  -15.2  -11.9  -17.4  -17.9  -22  -20.6  -20.5  -18.9  -21.9  -22.8  -25.7  -23.6  -25.1  -21.9  -25.5  -25.5  -26.9  -23.3  -21.6  -20.7  -22.3  -22.7  -21.7  -19  -19.1  -18.5  -18.1  -19.6  -19.8  -20.6  -21.8  -24  -27.8  -25.4  -28.3  -29.1  -26.9  -26.8  -25.5  -22.1  -23.1  -18.5  -21.5  -19.4  -20.7  -22.3  -22.7  -22.5  -25.5  -25.2  -29.9  -27.4  -29.7  -30  -27.4  -28.8  -28  -29.4  -26.9  -25  -28.3  -28.3  -26.1  -27.9  -26.3 
 -128  -129  -129  -80.9  -33.1  -32  -31.1  -31  -28.6  -29.7  -27.7  -26.7  -27.4  -28.8  -27.7  -29.2  -27.1  -31.4  -31.9  -37.2  -35.8  -35.7  -34.1  -36.8  -37.8  -40.4  -39.6  -39.8  -36.6  -39.9  -41.2  -42.5  -39  -37.3  -36.6  -38  -38.4  -36.2  -33.7  -33.9  -32  -31.5  -34.3  -34.3  -34  -36.3  -38.4  -41.1  -38.7  -42.5  -42.3  -38.9  -38.8  -38.7  -35.6  -36.5  -33.2  -36.3  -34.3  -35.6  -38.5  -38.9  -38.7  -40.4  -41.4  -44.9  -42.4  -44.4  -44.7  -41.9  -43.5  -42.7  -44.1  -40.4  -39.4  -41.6  -41.5  -40.3  -42.1  -39.3 
 -138  -140  -141  -94.8  -47.9  -46.8  -46.9  -45.8  -43.5  -44.6  -42.6  -41.8  -42.8  -44.1  -43.1  -44.8  -43.7  -48  -48.2  -52.6  -50.9  -49.6  -48.9  -51.7  -52.4  -55  -53  -53.2  -51  -53.3  -54.6  -55  -52.4  -50.9  -50.3  -52.8  -53.5  -51.6  -50  -51.4  -50.5  -50  -51.6  -50.6  -49.1  -51.1  -53  -54.7  -51.1  -54  -52.8  -50.4  -51.5  -52.6  -49.5  -50.7  -48.5  -52.8  -51.9  -54.4  -56.3  -55.4  -55.3  -57  -56.7  -59  -55.3  -56.4  -55.4  -53.6  -55.2  -53.2  -54.6  -52.1  -52.1  -54.2  -54.2  -53  -54.8  -53.2 
 -149  -152  -153  -108  -63.6  -62.5  -62.5  -61.5  -60.3  -60.5  -58.5  -57.9  -60.1  -61.2  -61.1  -63.1  -61  -64.1  -64.4  -67.5  -65.9  -63.3  -62.7  -64.5  -64  -66.6  -65.8  -66  -64.7  -65.9  -68.4  -69  -66.3  -66.1  -66.7  -68  -69.8  -68.2  -67.6  -68.7  -67.6  -68.3  -68.7  -66.5  -66  -67.7  -68.4  -70.3  -67  -69.9  -68.7  -66.3  -68.5  -68.7  -65.6  -67.8  -65.6  -68.7  -66.8  -68.1  -70.1  -69.2  -69  -71  -69.7  -71.8  -69.3  -70.4  -70.6  -69.8  -70.1  -69.1  -69.3  -68  -67.1  -68.9  -68.9  -67.5  -69.2  -67.7 
 -164  -167  -169  -125  -81.8  -80.5  -80.3  -79  -77.9  -78  -76  -74.5  -76.7  -79  -78.9  -81.1  -79.3  -81.2  -81.2  -83.4  -83  -81.6  -79.8  -81.8  -80.2  -81.6  -81.7  -81.9  -80.7  -81.8  -84.1  -85.8  -82  -81.8  -82.3  -83.7  -85.5  -85  -83.3  -83.5  -82.3  -83.1  -84.4  -82.2  -81.9  -82.7  -83.4  -86.3  -83.9  -85.6  -84.4  -82.2  -84.5  -84.7  -81.6  -82.5  -79.4  -81.6  -80.6  -81.9  -83.9  -83  -82.8  -84.8  -84.7  -86.8  -85.4  -86.5  -87.9  -87.1  -88.4  -86.2  -86.4  -84  -83.9  -85.5  -85.7  -84.3  -86.1  -84.8 
 -177  -181  -183  -141  -100  -99.8  -99.6  -97.1  -96.9  -98.2  -96.5  -94.7  -96.9  -98  -98.2  -100  -99.7  -102  -102  -104  -103  -102  -101  -102  -99.2  -99.5  -98.4  -98.7  -97.6  -98.8  -101  -102  -98.8  -99.4  -101  -102  -103  -103  -101  -101  -101  -101  -102  -100  -99.8  -101  -102  -105  -102  -104  -104  -102  -103  -104  -102  -102  -98.7  -101  -99  -100  -102  -102  -102  -103  -103  -104  -102  -104  -104  -103  -104  -101  -101  -100  -100  -101  -102  -101  -103  -101 
 -192  -196  -198  -159  -121  -119  -119  -118  -118  -119  -118  -116  -117  -117  -119  -121  -120  -122  -122  -124  -124  -124  -124  -124  -121  -121  -120  -120  -118  -118  -119  -120  -118  -119  -121  -122  -121  -121  -121  -122  -122  -122  -123  -120  -121  -122  -122  -124  -122  -124  -124  -122  -123  -123  -121  -121  -119  -121  -118  -119  -121  -121  -121  -121  -123  -122  -121  -122  -123  -122  -122  -120  -121  -120  -121  -122  -123  -122  -123  -122 
 -209  -213  -215  -179  -144  -142  -142  -142  -142  -143  -142  -141  -142  -142  -144  -145  -144  -146  -146  -147  -147  -147  -147  -147  -145  -145  -142  -142  -140  -140  -141  -142  -141  -141  -142  -142  -142  -143  -142  -142  -142  -141  -142  -141  -142  -144  -144  -145  -143  -145  -145  -144  -145  -146  -144  -144  -142  -144  -142  -143  -144  -143  -142  -143  -144  -144  -144  -145  -144  -144  -145  -144  -144  -143  -143  -142  -142  -143  -144  -143 
 -229  -233  -237  -204  -172  -172  -171  -170  -170  -171  -170  -170  -171  -171  -171  -172  -172  -174  -172  -173  -173  -173  -173  -174  -173  -173  -172  -172  -171  -170  -170  -171  -170  -170  -171  -171  -171  -172  -172  -172  -171  -171  -171  -170  -171  -172  -171  -172  -171  -172  -172  -172  -172  -172  -171  -171  -170  -171  -170  -170  -171  -171  -170  -171  -172  -172  -172  -172  -172  -171  -171  -171  -171  -171  -171  -171  -172  -172  -173  -173 
 -249  -253  -256  -227  -198  -198  -198  -198  -198  -198  -198  -198  -198  -198  -198  -198  -198  -198  -198  -198  -198  -198  -198  -198  -198  -198  -198  -198  -198  -198  -198  -198  -198  -198  -198  -198  -198  -198  -198  -198  -198  -198  -198  -198  -198  -198  -198  -198  -198  -198  -198  -198  -198  -198  -198  -198  -198  -198  -198  -198  -198  -198  -198  -198  -198  -198  -198  -198  -198  -198  -198  -198  -198  -198  -198  -198  -198  -198  -198  -198 
 -265  -268  -272  -245  -218  -218  -218  -218  -218  -218  -218  -218  -218  -218  -218  -218  -218  -218  -218  -218  -218  -218  -218  -218  -218  -218  -218  -218  -218  -218  -218  -218  -218  -218  -218  -218  -218  -218  -218  -218  -218  -218  -218  -218  -218  -218  -218  -218  -218  -218  -218  -218  -218  -218  -218  -218  -218  -218  -218  -218  -218  -218  -218  -218  -218  -218  -218  -218  -218  -218  -218  -218  -218  -218  -218  -218  -218  -218  -218  -218 
 -278  -282  -287  -262  -237  -237  -237  -237  -237  -237  -237  -237  -237  -237  -237  -237  -237  -237  -237  -237  -237  -237  -237  -237  -237  -237  -237  -237  -237  -237  -237  -237  -237  -237  -237  -237  -237  -237  -237  -237  -237  -237  -237  -237  -237  -237  -237  -237  -237  -237  -237  -237  -237  -237  -237  -237  -237  -237  -237  -237  -237  -237  -237  -237  -237  -237  -237  -237  -237  -237  -237  -237  -237  -237  -237  -237  -237  -237  -237  -237 
 -290  -295  -300  -277  -255  -255  -255  -255  -255  -255  -255  -255  -255  -255  -255  -255  -255  -255  -255  -255  -255  -255  -255  -255  -255  -255  -255  -255  -255  -255  -255  -255  -255  -255  -255  -255  -255  -255  -255  -255  -255  -255  -255  -255  -255  -255  -255  -255  -255  -255  -255  -255  -255  -255  -255  -255  -255  -255  -255  -255  -255  -255  -255  -255  -255  -255  -255  -255  -255  -255  -255  -255  -255  -255  -255  -255  -255  -255  -255  -255 
