 133  133  133  133  133  133  133  133  133  133  133  133  133  133  133  133  133  133  133  133  133  133  133  133  133  133  133  133  133  133  133  133  133  133  133  133  133  133  133  133  133  133  133  133  133  133  133  133  133  133  133  133  133  133  133  133  133  133  133  133  133  133  133  133  133  133  133  133  133  133  133  133  133  133  133  133  133  133  133  133 
 135  135  135  135  135  135  135  135  135  135  135  135  135  135  135  135  135  135  135  135  135  135  135  135  135  135  135  135  135  135  135  135  135  135  135  135  135  135  135  135  135  135  135  135  135  135  135  135  135  135  135  135  135  135  135  135  135  135  135  135  135  135  135  135  135  135  135  135  135  135  135  135  135  135  135  135  135  135  135  135 
 140  140  140  140  140  140  140  140  140  140  140  140  140  140  140  140  140  140  140  140  140  140  140  140  140  140  140  140  140  140  140  140  140  140  140  140  140  140  140  140  140  140  140  140  140  140  140  140  140  140  140  140  140  140  140  140  140  140  140  140  140  140  140  140  140  140  140  140  140  140  140  140  140  140  140  140  140  140  140  140 
 147  147  147  147  147  147  147  147  147  147  147  147  147  147  147  147  147  147  147  147  147  147  147  147  147  147  147  147  147  147  147  147  147  147  147  147  147  147  147  147  147  147  147  147  147  147  147  147  147  147  147  147  147  147  147  147  147  147  147  147  147  147  147  147  147  147  147  147  147  147  147  147  147  147  147  147  147  147  147  147 
 158  158  158  158  158  158  158  158  158  158  158  158  158  158  158  158  158  158  158  158  158  158  158  158  158  158  158  158  158  158  158  158  158  158  158  158  158  158  158  158  158  158  158  158  158  158  158  158  158  158  158  158  158  158  158  158  158  158  158  158  158  158  158  158  158  158  158  158  158  158  158  158  158  158  158  158  158  158  158  158 
 174  175  175  174  174  173  174  174  174  173  173  173  174  174  174  173  173  173  174  174  173  173  173  173  174  174  173  173  173  174  174  174  174  173  173  174  173  173  173  173  173  173  173  173  173  173  173  173  174  174  175  174  174  174  174  174  174  173  173  173  173  173  173  173  174  174  174  174  175  175  175  175  175  175  175  175  175  175  174  174 
 188  189  189  188  188  188  188  188  188  187  187  187  187  186  186  185  185  186  186  186  186  186  187  187  187  187  186  186  186  186  186  186  186  185  186  187  186  186  185  185  185  185  185  185  184  185  185  185  186  186  186  186  186  186  186  186  186  186  186  186  186  186  186  187  187  187  188  188  188  188  189  189  188  188  188  188  188  188  188  188 
 199  200  200  200  200  199  199  200  200  199  199  199  199  198  198  198  198  198  198  197  197  197  197  197  197  196  195  196  197  197  197  197  196  196  196  197  196  196  196  195  195  196  196  196  195  196  196  196  197  197  197  197  197  197  196  196  196  197  197  197  197  196  197  198  198  198  198  198  198  198  200  200  200  199  199  199  200  200  199  199 
 210  211  210  211  210  209  209  209  208  208  208  208  208  207  207  207  207  207  207  206  206  206  206  206  205  205  205  206  206  207  206  206  206  206  206  207  207  207  206  206  206  207  207  207  205  206  205  206  207  207  207  207  206  206  206  206  206  207  207  206  207  206  207  208  207  208  208  208  208  208  209  210  209  209  209  209  210  210  209  210 
 219  221  220  220  220  219  218  219  218  218  218  218  218  216  216  216  216  216  215  214  215  214  215  215  214  215  214  214  215  216  216  216  215  215  215  216  216  216  215  215  216  217  217  217  215  216  215  216  217  216  217  217  217  216  216  217  216  216  216  215  215  214  216  216  216  216  217  216  217  217  218  218  217  217  217  217  219  219  218  219 
 228  229  228  229  229  228  227  228  227  227  228  227  227  225  225  226  226  225  225  224  225  224  224  223  223  224  223  224  225  225  225  225  225  225  224  225  225  225  224  224  224  225  225  225  224  225  224  225  226  227  227  227  227  226  225  226  225  224  224  222  222  222  224  225  225  225  226  226  228  227  227  228  226  226  225  225  227  227  226  228 
 236  238  237  237  237  236  235  235  235  235  236  236  236  234  234  235  235  234  234  232  234  233  233  233  232  233  233  233  234  235  234  235  235  234  233  234  233  232  231  231  231  232  232  233  232  234  233  234  235  235  235  236  236  234  234  234  234  234  232  231  230  231  233  233  233  233  234  234  236  236  236  236  234  235  235  234  236  236  236  237 
 243  245  244  245  245  244  242  243  243  244  245  245  245  243  242  244  244  242  242  241  242  240  241  241  240  241  240  240  242  242  242  242  241  241  240  241  239  238  237  236  236  239  238  238  238  241  240  242  243  245  245  245  245  243  242  243  242  242  241  239  238  240  241  242  241  240  241  241  242  242  242  242  240  240  240  241  242  243  242  244 
 251  254  252  252  252  251  249  250  250  250  252  252  252  250  250  252  252  251  250  249  249  247  248  249  247  247  247  248  248  249  250  251  249  250  248  249  247  247  246  245  244  247  247  246  247  249  249  250  252  254  254  254  254  253  251  252  251  250  249  247  246  247  249  249  248  248  249  249  250  250  250  249  247  247  248  249  249  250  250  251 
 256  257  255  256  255  254  252  251  252  252  254  255  254  251  251  254  255  253  253  252  252  252  253  254  251  252  251  252  252  253  252  254  253  254  252  253  252  252  252  252  250  253  252  252  252  254  254  256  256  258  258  260  260  258  256  256  255  255  254  252  249  251  252  253  253  251  252  252  253  253  253  253  251  252  253  254  254  255  255  256 
 259  259  257  257  256  255  253  253  254  254  256  257  256  255  255  258  259  257  257  256  257  257  257  258  255  257  257  258  257  258  258  259  258  258  255  256  255  255  255  255  254  257  257  257  257  258  258  259  260  262  262  263  263  262  261  262  261  259  258  255  254  256  256  257  256  255  255  254  256  257  255  256  254  254  256  257  258  258  258  259 
 262  262  260  260  259  258  256  256  257  257  260  260  259  258  258  260  262  260  260  260  261  262  262  263  262  263  263  263  262  262  261  262  261  261  258  259  258  259  259  259  257  259  260  259  260  261  260  262  263  266  266  266  266  266  266  267  266  264  262  260  258  261  260  261  260  259  260  260  261  262  259  259  257  257  259  260  260  261  261  262 
 265  264  262  261  261  261  258  259  260  261  262  263  261  260  260  264  265  264  265  264  266  267  267  268  266  267  266  265  265  265  266  266  266  265  263  264  263  263  263  263  261  263  262  262  263  264  264  266  267  269  268  269  270  270  269  270  269  268  268  266  264  265  264  265  265  262  262  261  262  262  261  261  260  259  262  264  264  264  265  265 
 268  268  266  265  263  263  261  261  262  262  263  263  263  262  263  267  270  268  268  268  270  271  271  271  269  268  268  269  269  269  270  270  269  269  267  268  267  267  268  265  265  267  267  266  267  267  268  269  271  272  272  273  273  273  274  273  272  271  271  270  268  270  267  268  268  267  266  266  266  266  264  265  264  263  265  268  267  268  268  268 
 271  272  269  267  266  266  264  263  265  264  264  265  265  265  265  268  272  270  270  270  271  272  273  274  272  271  271  272  272  272  273  272  271  269  269  270  269  270  270  269  269  271  272  270  271  271  271  273  273  274  272  274  275  276  276  277  275  275  275  275  274  274  271  271  270  269  268  268  268  268  267  267  267  267  270  272  270  271  271  271 
 272  272  270  270  268  270  267  267  269  268  268  269  267  266  267  270  274  272  272  272  272  274  275  275  274  273  274  274  275  275  276  275  273  273  272  273  272  273  274  273  273  276  276  274  273  273  273  275  277  277  276  276  278  279  279  279  277  276  278  277  278  277  275  275  275  274  272  271  271  270  269  270  270  269  270  273  271  272  271  271 
 275  275  273  272  270  272  271  270  271  269  269  270  268  268  270  273  277  276  276  275  276  278  279  278  277  276  278  278  278  279  279  279  278  276  275  277  277  279  280  279  279  281  280  280  277  276  275  275  276  277  275  277  278  280  281  281  280  280  281  281  281  279  277  277  276  276  274  274  274  274  274  275  275  275  275  277  276  275  273  273 
 278  278  276  275  273  275  274  273  274  273  272  273  271  272  272  275  279  276  277  276  278  281  280  280  281  279  282  281  283  282  281  281  281  279  278  280  279  280  282  282  281  283  282  283  279  279  277  278  278  279  276  278  279  281  282  283  282  281  281  283  283  282  280  279  280  279  279  278  277  277  277  279  279  279  279  281  280  279  277  277 
 279  281  278  277  276  278  276  277  277  276  276  276  276  276  278  281  284  282  282  281  282  284  283  282  283  282  283  282  285  285  285  284  283  282  281  283  282  283  284  282  283  285  284  285  282  281  279  279  280  280  277  278  280  282  284  285  285  284  284  285  286  284  284  283  283  283  282  281  281  280  280  280  280  280  279  281  281  281  278  279 
 283  284  282  281  280  282  280  280  280  279  279  279  279  279  281  283  287  285  285  283  284  285  285  283  284  282  283  282  285  286  286  286  285  284  284  286  286  286  287  285  286  288  287  287  284  283  282  282  283  283  281  283  284  285  287  287  287  287  287  288  287  285  284  284  284  285  283  283  282  282  283  283  283  283  282  284  284  283  281  282 
 284  286  284  283  283  284  282  281  282  281  280  281  282  281  283  286  289  287  287  286  285  286  286  285  285  283  284  283  286  287  287  287  285  285  286  287  288  288  288  287  287  290  289  289  287  286  285  284  285  285  283  284  286  286  287  287  288  289  288  289  289  286  286  286  286  286  284  284  284  284  286  286  286  285  285  287  286  285  283  283 
 286  287  286  286  286  286  284  283  284  282  282  282  282  282  283  286  289  287  287  286  286  286  287  286  286  284  285  284  286  287  287  286  284  285  286  286  287  287  288  287  287  289  289  289  288  288  286  285  287  288  286  286  288  289  290  290  291  291  289  291  290  288  288  288  289  288  287  288  289  289  291  291  289  289  288  289  289  287  284  285 
 286  287  286  287  287  287  285  284  285  285  285  287  286  284  286  288  290  290  290  288  287  288  289  289  288  287  287  284  286  288  287  287  285  287  288  289  290  290  290  288  288  289  289  288  286  287  286  286  287  289  287  287  289  290  290  291  292  293  290  293  292  290  292  291  291  290  289  291  291  292  294  293  291  291  290  291  290  289  286  285 
 288  290  288  289  289  288  286  285  286  286  287  289  289  286  288  290  291  292  292  290  288  288  289  288  288  287  286  283  286  287  287  287  286  289  290  291  292  291  290  288  288  289  289  289  286  286  286  285  289  290  289  289  290  291  291  291  294  294  290  291  291  289  292  292  292  291  290  293  293  293  294  294  291  291  291  292  292  291  289  288 
 291  293  290  290  290  289  287  286  286  286  287  290  290  288  289  292  292  293  294  292  290  290  291  290  287  287  285  283  284  286  286  286  285  288  289  291  292  291  290  288  288  289  289  289  287  287  286  285  288  290  289  289  289  290  292  292  295  295  292  293  291  290  292  293  293  291  291  294  294  295  296  296  291  292  292  293  293  293  293  291 
 293  294  291  292  292  291  288  286  287  287  288  291  291  288  289  292  292  293  293  293  291  290  292  290  288  287  285  283  284  286  287  285  284  287  290  292  292  291  290  287  287  288  289  288  287  288  288  287  290  291  292  291  292  292  292  291  294  294  292  292  291  292  294  294  296  294  294  297  297  296  297  297  292  293  293  293  293  294  295  293 
 294  294  292  292  294  293  290  288  289  289  291  293  294  290  291  293  293  294  294  293  291  290  293  292  288  288  286  283  284  287  287  285  284  288  290  291  293  292  289  287  288  289  289  289  289  288  289  288  291  292  292  292  293  292  293  293  296  296  294  293  292  292  294  295  295  293  293  296  297  297  298  298  294  294  295  294  294  295  295  293 
 294  295  294  295  296  295  293  290  292  291  292  294  294  291  291  292  292  293  293  293  290  290  294  292  290  289  288  286  286  288  288  286  285  289  291  292  294  293  290  288  289  290  289  288  287  287  288  288  290  292  293  293  295  295  294  293  296  295  293  293  292  291  293  295  296  293  295  298  298  298  298  298  294  295  296  294  294  294  296  294 
 293  293  292  294  295  294  292  290  292  291  293  294  294  292  293  293  293  293  292  292  290  290  294  292  289  289  288  287  286  288  288  285  284  289  290  291  294  293  291  290  290  291  290  290  289  288  289  288  291  293  293  294  294  294  294  294  296  295  292  293  292  293  295  296  296  294  296  300  300  299  299  299  296  296  296  294  293  294  295  292 
 293  294  293  294  295  294  293  292  293  292  293  294  295  293  293  293  293  293  293  293  292  291  294  294  291  290  290  288  288  289  289  287  286  290  291  293  297  295  294  294  294  294  292  292  290  289  291  291  292  294  296  297  297  297  298  296  298  296  293  293  293  294  296  296  297  295  297  301  301  300  299  298  296  297  296  294  293  294  294  292 
 293  295  293  293  295  296  294  293  296  295  296  298  300  298  297  297  297  296  295  296  294  293  297  296  293  292  291  290  290  290  291  288  288  293  293  296  298  296  296  295  295  295  293  293  291  290  292  291  293  295  296  297  297  296  297  296  297  295  292  292  292  294  297  297  298  296  298  302  302  301  300  299  297  297  297  295  293  294  295  292 
 296  297  296  296  296  297  296  295  297  296  297  298  300  299  298  298  297  296  294  294  293  293  296  296  294  293  294  293  293  292  292  290  290  293  293  294  296  295  295  296  296  296  294  294  293  291  292  291  292  294  295  296  295  295  296  294  296  293  291  290  291  294  296  296  298  295  298  300  301  301  300  298  297  297  298  295  294  295  296  294 
 294  295  293  294  294  295  296  294  297  297  297  299  300  300  299  297  298  296  293  295  294  294  297  297  295  294  295  296  294  294  292  291  290  294  293  294  297  296  296  297  296  295  293  293  293  291  293  291  291  294  296  296  296  296  297  294  296  295  293  292  292  295  296  297  299  297  298  300  301  301  301  299  298  297  297  295  294  294  294  292 
 296  296  295  294  294  294  295  294  296  296  296  296  298  298  298  296  297  295  293  294  294  295  298  299  297  296  298  298  296  296  295  293  292  295  294  294  297  296  296  298  296  294  293  294  294  292  293  292  291  293  296  297  296  296  296  295  296  295  292  292  292  293  294  295  296  295  296  298  299  299  300  299  298  299  299  297  296  296  297  295 
 296  296  295  294  293  294  294  294  295  296  298  298  299  300  299  299  299  297  294  295  295  296  298  299  298  298  299  299  298  297  296  295  295  297  296  296  299  298  299  300  298  296  294  295  296  293  295  294  294  297  298  299  298  298  298  298  299  297  294  293  293  294  294  295  296  295  296  297  298  299  300  298  298  298  298  298  298  297  297  295 
 295  295  295  296  295  295  294  294  296  297  298  299  299  300  300  301  302  300  297  298  297  298  298  300  299  299  299  300  298  297  296  296  295  296  295  297  299  298  299  300  297  295  295  295  295  293  294  293  293  297  299  300  298  298  298  298  300  298  295  295  295  296  297  297  297  296  296  298  298  298  299  297  297  298  296  296  296  295  296  294 
 295  295  295  294  294  294  294  294  296  297  298  298  299  300  300  301  301  300  297  298  296  296  295  296  296  297  297  298  296  295  295  295  296  295  294  295  296  296  299  298  297  293  294  296  297  295  295  293  294  297  300  299  297  296  297  298  298  298  295  294  294  296  296  295  296  296  296  297  299  299  300  299  299  300  298  298  298  296  296  294 
 296  295  295  294  293  295  295  295  296  297  298  300  300  301  301  302  301  300  298  298  295  296  294  296  296  297  298  299  298  298  298  299  299  297  296  296  296  295  297  295  294  291  293  294  296  294  295  295  296  298  300  299  296  296  296  296  297  296  294  293  294  295  295  295  295  296  295  296  298  298  300  299  299  299  298  299  299  296  297  296 
 296  295  295  293  291  292  293  293  295  296  298  300  301  302  301  302  300  299  297  297  295  295  294  295  295  298  299  300  299  300  299  300  300  298  295  295  294  293  293  291  290  288  291  293  295  294  295  295  297  298  299  297  295  293  293  293  294  293  292  292  292  292  292  293  292  293  293  294  295  295  298  298  299  300  299  300  301  299  299  297 
 296  296  295  295  293  293  293  293  294  296  298  299  298  300  300  301  299  297  295  295  293  294  291  293  293  297  299  300  299  299  299  300  299  297  295  296  295  294  295  293  292  290  293  295  295  294  294  294  296  297  298  296  294  293  294  293  293  293  292  290  291  290  290  291  290  292  292  292  295  295  298  298  298  299  298  299  301  298  299  297 
 295  294  294  293  293  293  293  292  294  295  298  298  298  300  299  300  299  297  297  297  295  296  293  293  294  297  298  299  299  299  299  300  300  299  295  296  295  293  294  291  290  289  291  294  294  293  293  294  296  295  297  295  293  292  293  293  291  293  293  291  291  289  289  290  289  291  290  291  293  294  297  297  297  299  298  298  300  296  298  295 
 297  295  295  294  294  293  292  292  292  292  296  297  296  297  297  300  298  297  298  297  296  297  295  295  296  299  299  301  300  299  300  301  300  297  294  295  293  293  294  292  290  290  293  295  295  294  293  294  296  295  295  293  293  292  292  292  290  291  291  290  291  289  289  289  288  289  290  292  293  292  295  296  297  298  299  298  299  297  299  298 
 295  294  295  295  295  293  293  293  293  293  297  297  297  298  297  299  297  297  297  295  294  294  292  293  294  297  298  299  299  298  298  299  299  296  293  294  293  293  294  292  291  292  293  295  294  292  293  295  297  297  296  294  293  292  293  292  291  291  290  289  291  290  291  291  290  290  291  293  295  293  295  296  296  296  297  296  296  295  297  296 
 293  292  293  294  295  294  292  293  293  293  296  296  295  296  295  297  293  293  293  291  291  291  289  292  293  297  296  298  299  298  298  299  298  295  291  292  290  290  290  289  289  291  291  294  293  292  292  294  296  295  293  293  292  291  293  292  290  289  289  288  289  289  290  290  290  289  291  293  294  293  295  295  296  296  297  294  294  294  295  294 
 293  292  292  292  293  291  290  292  292  292  294  293  293  294  293  293  290  289  290  287  288  288  286  289  291  294  295  296  298  297  297  298  296  294  291  292  290  289  290  289  289  291  291  294  294  293  294  296  297  295  293  291  291  290  290  289  286  286  287  286  287  286  285  286  286  285  286  289  290  290  292  293  293  293  296  294  293  293  294  293 
 294  292  292  291  292  290  289  292  290  291  293  293  294  294  293  293  289  289  289  286  288  287  287  290  292  294  293  295  297  296  296  298  294  294  291  293  291  289  288  288  288  291  290  292  292  291  293  295  295  293  292  290  290  290  290  288  286  286  287  286  288  286  286  287  286  285  286  288  288  287  289  289  290  290  293  291  291  292  293  294 
 292  291  291  291  291  288  287  288  288  289  292  291  291  291  291  290  287  288  287  285  287  287  287  291  293  294  292  293  293  292  293  293  290  289  288  290  289  289  289  289  289  291  291  292  292  291  292  293  292  290  289  288  290  288  288  286  284  284  285  285  286  284  284  285  285  284  286  287  286  285  287  288  288  289  291  290  289  292  293  293 
 292  291  291  292  293  291  288  289  288  288  289  289  288  288  288  288  285  285  284  283  284  284  285  287  288  289  289  290  291  289  290  289  288  288  288  288  287  287  288  289  290  291  290  290  290  289  290  291  289  288  287  286  287  287  287  285  283  283  283  282  284  283  283  285  285  283  285  287  286  284  285  284  285  285  287  286  286  288  291  292 
 291  290  289  290  291  290  288  288  287  287  288  288  288  287  287  286  283  284  284  282  284  283  285  286  288  289  287  288  288  287  287  287  286  285  284  284  284  284  284  285  285  286  286  287  287  286  287  289  287  286  284  283  285  284  283  283  281  282  282  282  283  283  284  285  285  283  285  286  284  282  283  282  284  283  286  284  284  288  290  291 
 288  287  287  287  287  287  286  286  284  286  285  285  284  284  283  282  280  281  280  280  281  281  283  284  286  286  283  284  284  282  283  283  282  282  282  283  283  283  284  285  284  286  286  286  286  285  287  287  285  286  284  283  284  285  283  282  281  281  279  280  281  280  280  282  283  280  283  284  282  280  280  281  282  282  285  282  282  286  288  289 
 285  285  285  286  287  287  285  286  285  287  286  285  285  284  282  280  277  278  276  276  278  277  279  281  283  284  281  282  282  280  281  280  279  279  280  281  281  281  282  282  283  285  285  284  284  283  285  285  283  283  282  282  282  283  283  281  280  280  279  279  279  278  278  280  280  278  280  280  278  278  279  279  280  280  282  280  280  284  285  286 
 283  284  284  285  286  286  285  285  285  286  285  284  283  283  281  278  276  275  274  274  274  275  276  278  280  281  279  280  279  278  279  277  276  277  278  279  279  279  279  280  281  283  283  282  282  282  283  284  281  281  281  279  280  281  280  278  277  278  278  277  278  277  277  278  278  276  277  277  275  275  275  276  277  277  279  278  278  281  282  283 
 284  285  284  285  285  285  284  283  284  283  281  282  281  281  279  276  274  273  272  273  273  274  275  276  277  278  277  278  276  276  276  274  274  276  276  276  278  278  278  279  280  281  282  281  280  279  280  280  278  278  278  276  278  278  276  275  274  275  275  275  275  274  273  275  275  274  274  274  272  272  272  274  275  276  277  277  278  280  282  284 
 280  281  281  281  281  281  281  280  280  279  276  277  277  277  274  273  270  271  271  273  273  274  275  276  275  277  275  275  274  273  272  269  270  272  272  272  274  275  274  276  278  279  280  279  278  276  277  278  276  276  276  273  275  275  274  273  272  273  273  273  274  274  274  275  275  274  275  274  272  271  271  273  274  274  275  275  276  278  280  281 
 277  276  277  278  277  276  276  275  276  276  273  273  272  273  272  271  268  269  270  272  272  273  273  274  272  274  273  272  271  270  269  267  268  269  269  268  271  271  271  273  275  276  277  276  275  273  274  275  273  273  271  270  271  270  271  269  269  269  269  269  269  271  271  273  273  270  272  272  271  270  269  272  273  273  274  274  275  276  278  278 
 273  273  273  273  273  274  274  274  275  273  270  271  270  272  269  269  267  267  268  269  269  270  270  271  269  271  271  271  270  269  268  265  266  269  269  267  269  269  268  270  272  273  273  273  272  269  270  270  269  269  266  266  266  266  268  267  268  267  267  268  268  270  269  270  269  266  267  267  267  266  265  268  269  269  272  272  271  271  273  273 
 268  268  268  267  267  268  270  269  271  270  268  269  269  270  267  266  264  264  266  266  266  267  267  269  268  269  269  268  268  267  266  264  265  267  267  266  269  269  268  269  271  272  271  271  270  267  267  268  266  267  264  264  264  264  265  266  266  265  266  268  267  268  267  267  266  264  264  265  264  263  264  267  269  268  271  271  269  268  270  269 
 265  264  264  263  262  264  266  265  266  264  263  264  265  267  263  262  260  261  263  263  263  263  262  265  264  265  266  264  264  265  263  262  262  264  264  262  265  265  263  266  267  269  268  269  268  265  266  267  265  265  263  262  261  261  262  263  264  263  263  264  263  264  262  262  262  260  260  261  261  261  262  265  267  266  267  268  266  264  267  265 
 262  262  262  262  261  262  263  263  265  262  261  262  262  263  260  259  257  257  259  258  258  258  257  260  259  262  263  261  262  263  261  260  259  261  260  258  261  261  259  261  263  265  264  265  265  262  262  264  263  262  261  260  259  258  259  260  260  259  260  261  261  262  261  261  260  260  260  260  260  260  260  262  263  262  263  264  262  262  263  262 
 260  259  259  259  258  259  261  260  261  258  257  257  257  258  255  253  252  252  256  255  255  256  254  257  256  257  259  256  258  260  258  258  257  259  257  255  258  257  254  256  258  258  258  260  260  259  259  261  261  261  260  258  256  256  256  257  257  256  256  257  259  259  258  258  258  257  257  257  257  256  257  260  261  259  260  262  261  259  261  260 
 255  253  253  253  252  253  255  254  255  253  252  252  254  254  251  250  249  249  252  251  252  251  249  253  251  253  254  252  255  256  255  255  254  256  255  252  255  254  251  252  253  254  253  255  255  254  253  255  256  255  254  253  252  251  251  253  253  252  253  254  254  254  252  253  253  252  253  253  252  253  254  257  258  257  257  258  257  255  257  255 
 249  248  247  247  247  247  249  248  250  248  248  248  249  249  247  246  247  247  250  248  249  248  246  248  247  247  249  247  250  250  249  250  250  251  251  249  251  250  247  249  250  251  250  251  252  251  250  253  252  250  249  248  247  247  246  248  248  249  250  251  253  252  250  251  251  250  250  250  250  249  251  254  254  253  253  253  252  251  252  250 
 246  245  243  243  243  242  244  242  245  243  244  244  245  245  244  243  243  243  246  244  243  243  240  242  241  242  243  242  244  245  244  246  245  247  246  244  245  244  242  243  244  245  244  244  245  245  245  247  247  244  244  243  243  242  242  244  243  243  245  245  247  245  244  245  245  244  245  245  245  245  247  249  249  249  249  249  249  247  248  246 
 237  236  235  235  236  236  237  236  237  236  236  236  237  237  236  235  235  235  237  235  235  235  233  235  234  235  236  235  237  238  237  238  237  239  239  237  238  237  235  236  237  238  237  237  237  237  237  239  239  237  237  236  236  236  235  237  236  236  238  238  240  238  236  237  237  237  237  237  236  236  238  240  240  239  240  240  239  238  238  237 
 230  229  229  229  229  228  229  227  228  227  227  227  228  227  226  226  225  226  227  226  226  226  224  225  226  226  227  226  228  229  227  229  228  229  229  228  229  228  226  227  228  229  228  228  229  229  230  232  232  230  231  229  229  229  228  229  227  228  230  229  231  229  228  229  229  229  230  229  229  230  231  232  231  231  231  231  231  230  230  229 
 222  221  221  222  222  220  221  219  220  218  218  217  218  217  217  216  217  218  219  218  218  218  216  217  217  217  218  217  219  220  218  220  219  220  220  219  219  218  217  217  218  219  218  219  219  220  221  222  222  220  221  220  220  220  219  220  219  219  221  220  222  221  219  221  221  220  221  221  220  221  221  223  222  222  222  221  222  222  222  221 
 212  212  212  213  212  211  211  210  211  210  209  209  209  208  208  208  208  209  209  208  208  208  207  208  208  208  209  209  210  211  210  211  209  211  211  210  210  210  209  209  209  210  209  209  209  210  211  213  213  211  212  211  212  212  211  211  210  211  212  212  214  212  210  212  212  211  212  211  210  211  212  213  212  211  212  212  212  212  212  211 
 202  201  201  201  202  201  200  199  200  199  199  199  199  198  199  199  200  200  200  199  199  199  198  199  198  199  199  199  200  200  200  200  199  200  200  199  200  199  199  198  200  201  200  200  200  201  202  202  202  200  201  200  201  201  200  201  200  201  203  202  203  202  201  201  201  199  200  199  199  200  201  202  201  202  202  202  202  202  202  201 
 190  190  188  189  189  188  188  187  188  188  188  188  189  188  189  190  190  190  189  189  188  188  187  187  186  187  187  188  188  188  188  188  188  189  189  189  189  188  188  189  190  191  190  189  189  190  190  191  190  188  188  188  188  188  188  188  188  189  191  191  191  190  190  190  190  189  189  189  189  189  190  190  190  191  191  190  190  191  190  190 
 177  177  177  177  177  176  175  175  176  175  175  175  176  176  177  178  178  179  179  178  178  178  177  177  176  175  175  175  176  176  175  175  175  176  177  176  176  176  177  177  178  178  178  177  177  178  179  179  178  177  177  176  177  177  177  177  176  177  178  177  178  178  178  178  177  177  177  178  178  178  178  178  178  178  179  178  178  178  177  177 
 162  162  162  161  161  161  160  161  161  160  160  160  161  161  161  162  162  162  162  162  162  162  161  161  160  161  161  161  161  161  161  161  160  161  161  161  161  160  161  161  161  162  161  162  161  162  162  162  162  161  161  161  161  161  161  161  161  161  161  161  161  161  161  161  161  161  161  161  162  162  162  162  162  162  163  163  163  163  162  162 
 147  147  147  147  147  147  147  147  147  147  147  147  147  147  147  147  147  147  147  147  147  147  147  147  147  147  147  147  147  147  147  147  147  147  147  147  147  147  147  147  147  147  147  147  147  147  147  147  147  147  147  147  147  147  147  147  147  147  147  147  147  147  147  147  147  147  147  147  147  147  147  147  147  147  147  147  147  147  147  147 
 140  140  140  140  140  140  140  140  140  140  140  140  140  140  140  140  140  140  140  140  140  140  140  140  140  140  140  140  140  140  140  140  140  140  140  140  140  140  140  140  140  140  140  140  140  140  140  140  140  140  140  140  140  140  140  140  140  140  140  140  140  140  140  140  140  140  140  140  140  140  140  140  140  140  140  140  140  140  140  140 
 135  135  135  135  135  135  135  135  135  135  135  135  135  135  135  135  135  135  135  135  135  135  135  135  135  135  135  135  135  135  135  135  135  135  135  135  135  135  135  135  135  135  135  135  135  135  135  135  135  135  135  135  135  135  135  135  135  135  135  135  135  135  135  135  135  135  135  135  135  135  135  135  135  135  135  135  135  135  135  135 
 133  133  133  133  133  133  133  133  133  133  133  133  133  133  133  133  133  133  133  133  133  133  133  133  133  133  133  133  133  133  133  133  133  133  133  133  133  133  133  133  133  133  133  133  133  133  133  133  133  133  133  133  133  133  133  133  133  133  133  133  133  133  133  133  133  133  133  133  133  133  133  133  133  133  133  133  133  133  133  133 
