 -325  -314  -302  -280  -257  -257  -257  -257  -257  -257  -257  -257  -257  -257  -257  -257  -257  -257  -257  -257  -257  -257  -257  -257  -257  -257  -257  -257  -257  -257  -257  -257  -257  -257  -257  -257  -257  -257  -257  -257  -257  -257  -257  -257  -257  -257  -257  -257  -257  -257  -257  -257  -257  -257  -257  -257  -257  -257  -257  -257  -257  -257  -257  -257  -257  -257  -257  -257  -257  -257  -257  -257  -257  -257  -257  -257  -257  -257  -257  -257 
 -308  -298  -288  -264  -240  -240  -240  -240  -240  -240  -240  -240  -240  -240  -240  -240  -240  -240  -240  -240  -240  -240  -240  -240  -240  -240  -240  -240  -240  -240  -240  -240  -240  -240  -240  -240  -240  -240  -240  -240  -240  -240  -240  -240  -240  -240  -240  -240  -240  -240  -240  -240  -240  -240  -240  -240  -240  -240  -240  -240  -240  -240  -240  -240  -240  -240  -240  -240  -240  -240  -240  -240  -240  -240  -240  -240  -240  -240  -240  -240 
 -289  -281  -274  -247  -220  -220  -220  -220  -220  -220  -220  -220  -220  -220  -220  -220  -220  -220  -220  -220  -220  -220  -220  -220  -220  -220  -220  -220  -220  -220  -220  -220  -220  -220  -220  -220  -220  -220  -220  -220  -220  -220  -220  -220  -220  -220  -220  -220  -220  -220  -220  -220  -220  -220  -220  -220  -220  -220  -220  -220  -220  -220  -220  -220  -220  -220  -220  -220  -220  -220  -220  -220  -220  -220  -220  -220  -220  -220  -220  -220 
 -270  -264  -258  -229  -200  -200  -200  -200  -200  -200  -200  -200  -200  -200  -200  -200  -200  -200  -200  -200  -200  -200  -200  -200  -200  -200  -200  -200  -200  -200  -200  -200  -200  -200  -200  -200  -200  -200  -200  -200  -200  -200  -200  -200  -200  -200  -200  -200  -200  -200  -200  -200  -200  -200  -200  -200  -200  -200  -200  -200  -200  -200  -200  -200  -200  -200  -200  -200  -200  -200  -200  -200  -200  -200  -200  -200  -200  -200  -200  -200 
 -249  -245  -241  -209  -178  -178  -178  -178  -178  -178  -178  -178  -178  -178  -178  -178  -178  -178  -178  -178  -178  -178  -178  -178  -178  -178  -178  -178  -178  -178  -178  -178  -178  -178  -178  -178  -178  -178  -178  -178  -178  -178  -178  -178  -178  -178  -178  -178  -178  -178  -178  -178  -178  -178  -178  -178  -178  -178  -178  -178  -178  -178  -178  -178  -178  -178  -178  -178  -178  -178  -178  -178  -178  -178  -178  -178  -178  -178  -178  -178 
 -224  -221  -217  -183  -148  -148  -148  -148  -148  -148  -148  -148  -148  -148  -149  -149  -149  -149  -149  -149  -149  -149  -149  -148  -149  -149  -148  -148  -149  -149  -149  -149  -150  -150  -149  -150  -151  -151  -151  -151  -151  -151  -151  -151  -150  -149  -150  -150  -150  -151  -151  -150  -151  -151  -152  -152  -151  -151  -151  -150  -151  -150  -151  -151  -150  -150  -150  -149  -149  -150  -150  -150  -149  -149  -149  -150  -150  -149  -148  -149 
 -205  -203  -199  -164  -127  -128  -127  -127  -126  -127  -127  -127  -127  -126  -126  -125  -126  -126  -126  -126  -127  -127  -128  -128  -128  -128  -128  -127  -127  -127  -125  -125  -126  -126  -125  -126  -128  -128  -128  -128  -127  -127  -129  -129  -127  -126  -127  -127  -127  -129  -128  -127  -127  -128  -128  -128  -128  -129  -129  -128  -129  -130  -131  -131  -130  -130  -129  -127  -128  -128  -127  -127  -126  -126  -125  -127  -127  -126  -125  -127 
 -189  -186  -183  -144  -106  -107  -107  -107  -106  -107  -107  -107  -107  -104  -105  -105  -107  -108  -107  -108  -110  -110  -112  -112  -111  -111  -110  -109  -108  -108  -106  -105  -106  -106  -104  -105  -108  -109  -109  -110  -110  -110  -111  -112  -109  -108  -108  -107  -106  -107  -106  -106  -105  -107  -106  -106  -107  -107  -108  -107  -107  -107  -108  -108  -108  -107  -107  -104  -106  -107  -106  -106  -105  -105  -105  -107  -107  -107  -104  -107 
 -176  -173  -169  -129  -88  -88.9  -87.5  -86.8  -86.8  -88.2  -88.9  -88.9  -88.7  -86.4  -88.2  -88.3  -91.2  -92.3  -91  -90.3  -91.6  -91.8  -94.3  -93.4  -93.9  -93.6  -91.6  -90.7  -90  -90.7  -89  -87.8  -89.8  -88.2  -85.3  -87.1  -90  -91.1  -90.2  -91.1  -90.8  -88.8  -89.9  -90.8  -87.4  -86.5  -87.2  -86.5  -85.6  -86.7  -86.7  -87.7  -87.7  -89.3  -89  -87.9  -88.6  -90.4  -91.5  -90.7  -90.9  -92  -94.1  -92.9  -93.6  -92.7  -91.4  -87.8  -89.5  -89.5  -88.2  -88.2  -87.3  -87.1  -87.8  -90.2  -90.9  -90.3  -89.2  -90.5 
 -162  -160  -156  -114  -70.6  -70.3  -68.7  -69.2  -70.4  -72.9  -73.7  -73.6  -73.4  -72.3  -74.1  -74.4  -76.2  -77.3  -75.9  -74  -74.4  -74.9  -76.2  -75.3  -75.6  -75.3  -72.4  -70.5  -71  -71.7  -69.7  -68.6  -70.6  -68.9  -66  -67.6  -71.4  -71.3  -70.4  -71.6  -71.6  -69.5  -70.6  -71.5  -68.4  -66.3  -68.2  -67.3  -67.3  -69.3  -69.6  -70.8  -71  -73.5  -73.5  -71.2  -73.1  -74  -73.9  -74  -74.2  -76.3  -78.3  -76.9  -77.9  -77  -75.4  -72.1  -72.6  -73.5  -72.2  -71.3  -71.6  -71.3  -72  -74.5  -76.1  -75.7  -73.5  -73.6 
 -149  -146  -143  -98.6  -54.7  -55.3  -53.7  -53  -54.5  -57  -58.7  -58.7  -57.2  -56.2  -56.8  -58  -60  -60.9  -59.8  -56.9  -57.3  -58  -58.4  -57.8  -58  -58.7  -56  -54.1  -54.4  -55.3  -53.1  -52.9  -55.8  -53  -48.9  -50.4  -55.2  -55.2  -54  -55.2  -54.2  -52.1  -53.5  -54.6  -52.5  -49.2  -52.3  -51.3  -52.6  -54.3  -53.7  -55.8  -57  -58.3  -58.6  -55.3  -57.4  -58.3  -59.4  -59.5  -59.7  -60.9  -64.1  -63.6  -64.6  -63.5  -61.9  -57.6  -58.1  -59  -57.7  -55.6  -54.7  -54.2  -56.1  -57.4  -59  -58.6  -56.4  -56.2 
 -139  -135  -131  -86.4  -40.5  -41.2  -38.3  -38.8  -41.5  -42.8  -44.5  -44.5  -43.1  -41.7  -42.4  -43.8  -45.8  -45.7  -45.8  -44  -44.4  -45.1  -46.7  -46  -47.2  -47.9  -45.2  -43.4  -42.4  -43.6  -40.1  -39.9  -41.7  -37.6  -32.5  -34.1  -38.9  -38.8  -37.4  -39.8  -38.8  -38  -40.5  -42.6  -40.2  -37  -40  -39.3  -40.6  -41.4  -39.7  -41.9  -43.1  -44.4  -43.4  -41.4  -44.4  -44.1  -45.3  -45.3  -44.6  -45.7  -49.2  -50  -51  -48.6  -47  -42.4  -44  -45.8  -43.3  -41.2  -39.1  -37.6  -39.8  -41.3  -44.1  -43.7  -40.3  -40.1 
 -126  -123  -120  -73.8  -25.8  -26.2  -23.3  -22.9  -25.8  -28.3  -30  -30.3  -28.8  -28.7  -30.6  -32  -33.8  -34.7  -33.8  -31.9  -32.3  -31.8  -32.2  -30.5  -32.7  -34.6  -30.9  -29.1  -28.2  -29.1  -25.9  -25.7  -28.4  -24.4  -18.3  -19.8  -24.4  -23.1  -21.7  -24.1  -23.4  -22.5  -24.1  -25.9  -24.5  -21.3  -24.3  -23.6  -24.6  -25.4  -22.5  -24.7  -25.9  -27.2  -27.5  -25.4  -28.7  -29.6  -30.8  -31.1  -30.1  -31.5  -33.7  -33.5  -34.8  -33.4  -30.5  -26  -27.3  -30.4  -27.8  -26.9  -24.8  -24.4  -25.3  -28  -30.9  -30.7  -27.3  -26.9 
 -114  -113  -109  -61.9  -11.8  -12  -9.15  -8.67  -12.8  -15.6  -17.3  -17.3  -14.6  -15.8  -18.9  -21.3  -23.1  -23  -22.1  -20.2  -20.9  -20.4  -19.7  -18.1  -19  -21  -18.2  -16.2  -14  -15.9  -13.9  -13.5  -15.2  -12.4  -5.35  -5.91  -10.7  -10.7  -8.01  -10.4  -9.68  -9.81  -10.1  -12  -10.6  -7.32  -10.4  -9.69  -10.7  -11.7  -8.86  -11.3  -13.4  -14.5  -15.8  -12.4  -16  -15.9  -17.1  -16.2  -15.2  -15.6  -17.8  -17.6  -20.1  -19.7  -16.9  -12  -13.6  -16.4  -14.9  -14.2  -10.9  -9.44  -10.3  -14.1  -17.2  -17  -14.8  -13.2 
 -108  -106  -102  -54.5  -4.85  -4.74  -1.92  -2.44  -6.35  -10.2  -11.6  -11.6  -7.92  -9.07  -11.3  -15  -16.5  -16.7  -14.5  -12.9  -13.3  -12.8  -10.9  -11.7  -11.4  -11.2  -10.5  -9.72  -7.28  -8.32  -7.23  -6.53  -7.18  -5.39  0.546  2.09  -0.575  -1.81  1.11  -2.26  -2.04  -2.18  -0.64  -2.46  -2.1  -0.223  -2.39  -2.98  -2.69  -2.4  0.463  -2.8  -4.12  -4.96  -4.86  -0.287  -4.74  -6.13  -7.56  -6.5  -5.27  -7.55  -8.67  -8.71  -13.3  -11.9  -8.09  -4.11  -4.79  -6.76  -4.16  -4.77  -2.52  -0.303  -1.16  -4.82  -7.95  -8.68  -7.81  -5.35 
 -100  -97.2  -92.9  -43.6  8.06  9.02  10.5  8.91  4.11  1.42  -1.18  -0.945  2.47  -0.0528  -3.39  -7.06  -6.69  -6.86  -4.71  -3.03  -3.84  -4.34  -2  -1.34  -0.819  -1.48  0.287  -0.0381  1.35  0.471  1.69  2.12  1.47  3.03  7.7  7.97  6.46  5.22  7.88  4.54  3.76  2.35  4.11  4.42  4.93  5.54  3.14  2.78  2.03  4.47  7.72  4.49  2.31  1.32  1.31  5.89  2.58  3.09  1.66  1.45  3.54  1.1  -0.0124  -1.07  -5.45  -4.32  -2.61  0.257  0.467  -2.13  0.623  1.29  4.8  7.02  6.42  4.26  1.13  1.67  2.31  5.63 
 -93.8  -93.4  -90.5  -40.6  12.7  13.1  15.5  14.9  10.2  7.46  6.38  6.38  10.1  5.38  3.44  -0.228  1.05  1.75  4.04  5.35  6.7  6.43  10.9  11.6  10.9  10.5  10.4  10.1  11.6  9.69  9.62  7.9  6.99  8.58  11.1  11.1  9.44  9.34  13  11.9  12.2  8.89  9.37  10.7  12.5  14.4  9.57  7.28  5.39  7.98  12.3  11.2  9.05  7.79  6.39  12  9.59  9.05  7.85  7.63  8.85  6.41  5.79  3.72  -0.173  -0.179  3.46  6.09  6.3  3.56  5.03  4.41  8.16  9.1  9.64  7.48  4.58  5.35  5.09  9.69 
 -87.1  -88  -85.1  -34.3  19.8  19.2  20.4  17.9  13.8  11.6  12.7  12.7  16.1  11.7  10.7  8.55  10.7  11.7  12.5  12.9  13.6  13  18.2  19  19  18.6  16.2  16.9  17.2  14.9  14.8  12.1  11  11.7  14.3  15.3  12.6  13.8  17.9  15.9  16.1  11.7  10.8  12.2  12.8  14.9  11.3  8.73  7.86  10.7  17.4  18.8  15.6  14.6  15.4  18.5  15.9  16.3  16.3  16.1  17  16.5  18.1  14.6  11.9  11.1  13.6  15.1  14  9.04  9.48  7.57  11.6  13.8  14.1  13.4  10.5  11.2  13.1  18.1 
 -85.2  -84.9  -83.3  -31.8  22.9  20.1  21.1  20.8  17.8  16.8  18.9  20  23.2  18.6  18.6  16.7  17.8  18.5  20.3  19.8  19.8  19.8  25  24.8  25.8  25.7  22.4  22.2  23.6  21.3  20.7  18  18.3  19  21.6  21.3  19.5  19.3  23  21.6  22.1  17.3  15.2  15.2  16.1  17.3  15.1  12.3  12.1  15.9  22.9  25.5  23.6  24.8  25.9  27.6  26.1  25.8  23.3  24.1  25  24.4  26  22.3  19.8  18  20.2  23.2  20.9  15.9  17.7  14.5  19.7  22.2  22.5  21.8  19.5  19.5  20.3  24.1 
 -82.2  -81.9  -80.4  -27  29.2  27.4  29.4  29  26.2  23.9  26  25.7  26.3  20.8  19.9  18.9  20.2  19.6  22.9  21.5  21.5  23.1  28.7  27.3  28.7  28.5  25.4  24.9  27.1  25.1  24  21.9  23.2  22.4  25.1  26.1  24.3  24  28.9  26.4  25.9  22.5  19.6  19.6  21.4  22.7  21.7  17.6  19.9  22.4  27.1  32  30  29.8  31.1  32.1  30.9  30.3  30.1  30.8  31.5  29.9  33  30.2  27.7  26.7  27.9  29.9  28.7  22.6  25.4  20.9  24.6  26.6  28.1  26.1  23.9  22.8  23.6  27.1 
 -76.9  -77.6  -76.1  -20.9  34.8  33.3  34.3  36.4  33.9  30.4  31.3  32.1  32.8  28  25.8  25.1  26.3  26.1  29.4  29.9  30  31.5  38.6  38.6  39.6  39.4  36  36.8  37.8  35  32.7  30.6  29.3  28.4  29.9  30.9  28.8  27.5  32.1  30.8  30.3  29.4  28  29  30.5  32.1  32.4  29.9  32.2  32.4  34.9  39.8  38  38.1  38.1  40.1  39.6  37.5  37.3  39.1  37.5  35.9  39.2  36.3  33.8  30.5  30.7  33.5  32.2  27.1  27.4  22.8  26.4  26.3  29.4  28.8  27.7  27.7  27.2  31.9 
 -74.2  -75.3  -75.1  -19.5  36.8  35.3  35.3  37.4  36.2  32.6  34.9  37  39  35.4  34.4  35.1  35  36  38.3  38.6  37.6  37.9  42.4  40.1  41.8  44.1  39.8  40.6  41.9  39.9  37.8  37.1  38.1  37.4  37.7  38.7  37.4  34.6  38.1  36.6  36.3  35.4  32.8  33.5  35.7  37.4  37.7  35.1  36.1  35  34.9  38.7  35.9  35.9  37.5  39.8  40.6  40.8  40.5  42.6  41.8  40.5  41.5  36.3  33.8  31.5  29.3  33.3  31.7  27.8  28.1  24.7  29.3  30.3  31.1  32.7  31.7  33  31.4  35.8 
 -69.7  -68.5  -69.4  -13.4  43.5  42  41.7  42.5  41.5  36.7  39.3  40.1  42.2  38.6  37.5  38  38  39.1  42.4  42.7  43  41.9  45.5  44.5  46  49.4  45.1  44.6  44.3  43.6  44.1  44.4  43.1  44  42.2  43.2  43.2  41.7  42.7  40.8  39.3  40.4  36.5  37.2  39.5  41.1  41.4  40.2  41.2  40.3  40.2  43  42.5  42.5  44  45.3  46.1  45.6  46.4  47.5  48  45.5  46.2  42.1  40.8  39.7  36.3  39.9  37.3  33.2  33.3  30.2  33.6  33.6  34.1  38.1  37.3  39.9  39.6  43.8 
 -65.2  -65  -67.2  -10.8  47.5  45.7  45.7  47.8  47.6  42.8  45.4  45.1  47.5  44.1  42  43.3  41.9  43.5  45.6  45.9  47.2  46.2  48.8  50.1  50.6  54.1  49.4  50.1  49.6  49.1  48.3  47.1  45.7  46.5  43.6  43.7  43.5  43.5  42.9  43.1  42.9  42.9  38  39.5  42.9  45  44  44.1  42.7  41.9  42.8  46.7  46.7  46.8  46.7  46.7  48.5  50.4  51.5  51.5  52.1  50.5  51  48.2  48.2  45.1  40.6  43.7  41.3  35.9  34.8  33.2  35.5  34.5  34.7  39.7  39.2  41.5  42.6  45.7 
 -65.4  -64.2  -67.7  -11.1  47.6  47.5  48.8  52.5  52.5  47.7  50.6  50.3  53  48.5  45  45.2  41.4  41.7  43.8  43.8  46.7  45.6  49.3  50.4  50.9  55.2  50.2  51.2  52  49.9  48.1  47.1  47.2  49.3  46.6  49  47.2  47.5  46  47.1  46.5  47.8  41.6  43.2  45.2  50  48.7  50.1  50.3  49.5  49.2  53.9  52.6  52.9  50.4  49.3  50.6  51.2  50.9  50.9  50.6  50.3  52.2  51.7  52.8  48.9  44.3  48.8  47.5  42.8  41.6  38.7  39.8  38.7  39.8  43.5  41.6  41.6  42.7  46 
 -66.2  -63.4  -64.6  -8.7  50.7  50.8  53.2  55.9  55.9  52.5  53.8  53.7  57.3  52.5  47.6  47.8  44.1  44.9  44.3  44.5  46.4  45.3  48  49  50.1  54.1  48.8  51.2  52  49.6  49.1  50.2  51.9  53.5  53.4  56.9  56.4  55.3  54.2  52.9  52.6  54.7  49.7  48.9  48.6  50.7  51.8  52.8  54.1  51.8  49.1  51.7  50.1  50.6  49.8  46.6  47.9  50.1  48.7  48.7  48.2  49  51.9  52.2  53  49  43.2  47.7  46.4  43  41.9  40.1  41.1  42.5  44.9  47.5  46.7  46.7  47.8  50.9 
 -62.8  -60.4  -60.2  -5.31  54.5  55.3  58.8  62.8  63.1  59.4  58.5  58.2  62.8  57.8  52.9  52.1  47  46.2  46.9  48.2  48.8  46.9  48.7  48.7  50.1  55.2  52.5  53.9  56  56  56.8  58.9  61.9  63  60.5  63.7  62.9  59.1  55.6  55.4  54  56.1  52.7  53  53  56.5  58.9  60.2  59.1  57.9  53.6  54.6  53.3  53.8  50.3  48.4  51.1  54.6  53.2  53.5  53.5  53.3  54.9  56.8  57.6  54.7  48.6  52.8  52.8  49.1  50.4  48.5  47.9  48  50.4  52.7  52.5  51.1  52.2  54.1 
 -60.9  -59.8  -58.1  -3.15  57  58.9  63.4  65.3  65.6  63  62.5  59.8  64.6  60.6  55.8  53.9  49.9  50.4  49  49.8  50.1  46.8  47.3  48.4  49.5  53.3  49.5  52.2  53.3  54.4  56.8  59.2  60.9  61.9  60.6  65.9  63.7  61.6  58.6  58.1  55.4  58  56.2  56.7  57  60.2  61  62  61.2  60  54.3  54.3  53  51.9  49.5  47.9  49.5  52.5  53.5  55.1  55.1  55.9  57.9  60.1  62  61.4  55.3  58.5  58.2  55.3  55.6  53.7  52.8  52.8  55.2  56.5  55.2  53.8  54.9  55.3 
 -58.6  -59.9  -57.2  -1.86  58.9  60.7  64  65.9  66.2  64.9  65.4  64.3  69.1  65.8  62.1  60.5  56.8  58.1  55.4  57.3  56.2  52.7  52.1  54.3  55.1  59.6  55.9  57.8  56.7  57.8  59.4  60.7  62.4  63.4  61  64  62.8  60.7  57.8  59.4  56.7  56.9  56.4  57.2  57.4  60.7  62.6  64.7  61.5  62.3  59.1  56.4  55.9  55.1  51.3  49.4  51  55.6  54.5  56.4  56.7  57.8  60.8  64.1  66  64.7  59.3  62.5  60.9  59  56.9  53.9  53.3  53.8  54.9  56.2  54.8  54.7  55.8  57.7 
 -57.7  -57.8  -55  0.297  62.3  64.2  67.2  68.9  68.8  66.5  68.1  65.9  69.6  65.6  61.8  61.3  57.8  58.9  57.5  58.1  56.9  53.5  52.4  54.6  56.7  61  56.4  57  55.9  58.3  59.9  61.5  64.2  64.2  61  65.3  65.8  65  61.8  63.4  60.7  59.9  58  59.9  59.9  61.5  61.8  62.6  59.3  61.3  58  55.3  54.5  52.3  49.9  48.6  50.4  56.4  54.2  56.1  57.7  58.8  63  67.6  68.1  67.9  62.5  66  65.4  64.6  63.8  60.8  59.1  62.1  61.9  63.2  61.5  59.3  59.3  60.4 
 -56  -55.8  -51.7  5.16  67.2  68.5  72.3  74  72.9  70.7  72.4  68.9  69.9  64.7  59.9  58.3  54.8  55.6  55.6  55  55.3  53.2  54.8  59.4  61.6  65.9  62.6  62.9  61.6  62.7  64.3  64.3  65.6  64.3  61  64  63.7  63.2  61  62.9  60.2  59.4  57.8  60  60.2  60.5  60.7  60.4  58.2  60.4  58.7  58.5  58.4  57.6  56.1  55.6  56.4  59.9  58.8  60.7  61.3  62.4  67.3  73.5  74.6  74.3  71.1  73.5  73  70.8  70  65.9  62.9  65.6  67.5  68  66.7  63.4  64.5  64.5 
 -55.5  -56.4  -52.6  4.46  65.3  65  69.1  73.5  72.3  70.1  71.5  68  68.7  64.9  61.4  60.9  57.4  57.2  57.2  56.9  57.2  55.3  58  62.7  63.8  67  66  67.3  66.2  67  67.3  64.9  67.6  67  64.9  65.6  64.6  62.7  62.2  65.4  65.1  63  61.7  62.4  62.7  63  64.3  61.3  59.4  61.8  59.1  59.8  59.9  58.8  58.3  56.4  58.6  60.4  58.3  60  58.1  59.1  65.7  70.9  73.3  73.1  72.3  74.5  76.6  75.8  75  70.6  67.6  70  71.9  70  68.9  62.9  62.6  62.6 
 -54.6  -55.5  -50.1  8.51  69.9  69.3  73  78.3  76.1  74.9  76.3  73.6  71.6  67.5  64  62.4  60.5  59.9  60  59.4  58.9  57  59.5  63.1  65.2  66.8  65.8  67.1  66.6  66.8  69.6  68.7  71.4  70.9  69  71.1  69  65.4  65.2  67.3  66  64.9  65  64.7  62.5  61.4  65.5  63.8  61.9  63.7  59.9  58  57.7  58  60.2  58.4  59.5  61.6  59.5  61.2  60.4  62.5  67.7  71.5  74  74.6  73.7  76.5  79.8  80.6  80  75.3  72.3  73.4  75.5  72.3  71.2  65.5  62.7  64.1 
 -52.9  -55.1  -48.7  9.02  70.5  68.6  69.9  76.2  73.8  73.7  75.4  71.6  71  66.9  64.7  65.5  64.7  65.5  64.4  63.6  62.8  60.6  62.8  66.4  68.3  67.7  66.4  69.1  68.9  69.4  72.1  71.6  73.2  71.6  71.8  71.8  70.7  65.5  67.7  69.9  69.7  68.6  70  68.9  68.1  65.6  71.1  67.8  65.9  66.4  61.2  56.8  57.3  57.3  61.2  60.7  60.9  63.4  62.9  65.9  67.3  69.7  74.7  75.7  75.7  77.4  76.2  77.6  79.8  78.5  76.8  72.4  70.8  73  75.4  73.6  73.5  70.3  67.5  68.9 
 -46.3  -50.3  -46.3  12.6  72.9  70.7  70.9  77.2  74.7  73.7  76.7  72.6  71.2  69.5  68.4  69.6  68.7  69.3  68.2  68.7  67.9  65.7  68.2  71.8  72  71.2  71.2  73.9  70.9  72.8  74.2  72.3  72.5  71.2  69  67.9  66.8  64  66.3  71  70.7  69.9  72.7  72.9  72.1  71  75.4  73.2  69.9  70.7  65.5  60.7  62.7  64.1  66.3  65.7  66.3  68.5  67.6  70.7  73.4  74.8  78.1  79.7  79.7  81.4  80.8  83.3  85.5  82.7  80.8  77  75.1  77.5  78.4  77.5  76.7  74.6  73.2  74.6 
 -47.4  -50.8  -49.6  9.39  68.7  68.1  67.6  73.6  71.1  71.4  75.3  72.8  71.5  70.9  69.5  69  70.6  72.8  70.3  69.5  69.5  68.4  70.9  73.3  75  73  71.4  75.2  71.1  72.2  72.5  72  72  70.9  69.8  68.9  69.5  69.2  72.6  75.8  75.6  75.9  78.4  77.9  75.7  73.2  76.5  72.9  72.3  71.8  67.1  62.7  65.4  67.9  70.1  68.1  68.7  68.1  67.3  69.8  72  73.7  75.8  76.1  77.2  78.9  78.6  81.3  82.4  81.3  76.6  74.2  74.7  76.1  76.6  76.9  74.5  74.8  70.9  73.4 
 -41.5  -44.7  -43.5  15.6  74.8  72.8  70.1  76.9  74.2  72  75.8  74.7  73.4  73.4  70.9  72.6  72  73.4  72  71.5  71.5  71.7  72.8  76.4  76.9  77.5  75.5  79.1  75.8  75.5  74.1  74.5  74.5  72.3  70.1  69.5  71.5  69.8  73.1  76.7  77.8  78.1  81.5  80.6  76.8  74.6  79.5  75.9  75.1  74.5  70.9  66.5  69.5  72.3  72  69.8  71.5  71.5  68.4  68.4  70.9  72.6  75.6  75.6  74.5  74.8  73.1  76.7  79.2  77  70.6  68.7  70.6  73.1  73.9  76.7  75.9  77.3  74.8  80.1 
 -37.6  -40.9  -42.2  15.6  74.8  73.2  70.4  76.5  72.6  70.7  76  76  77.1  76  72.1  73.5  72.4  75.4  72.7  71  71  70.2  72.4  75.9  76.5  77.6  75.6  81.4  77.8  78.6  77.3  78.9  78.9  77.3  74.8  75.4  77.3  76.8  78.7  82.6  83.7  84  86.8  85.9  80.7  76  78.8  75.4  74.3  71.3  68  64.9  68.2  71  73.5  72.7  73.2  71.8  69.9  69.3  72.1  72.1  73.7  71.2  70.1  71.3  71  74.5  76.2  73.7  69.8  69.3  72.3  73.2  74.3  77.3  77.6  80.1  77.6  81.5 
 -36.4  -41  -42.7  14.1  73.3  71.1  69.7  76.1  72.2  71.1  77.8  78  81.6  80.5  78.4  78.4  76.7  78.6  76.1  73.4  73.4  72.3  74.7  76.7  77.5  78.9  79.4  84.9  81.3  81.5  80.4  81.8  82.1  80.2  78.8  78  77.5  77.7  80.3  84.1  85.2  85.5  89.7  87.8  82.5  79.2  82.2  77.5  76.1  73.1  69.8  66.7  70.3  74.5  76.9  74.7  76.4  74.2  72.3  71.7  73.1  71.7  72.2  69.8  71.1  71.1  70.6  74.1  75.8  73.6  71.1  69.2  72.2  72  73  75  75.6  78.1  75.3  78.9 
 -37.6  -39.8  -41.7  13.7  71.9  69.9  68.8  75.5  71.9  71.6  76.6  78.3  83.2  84.3  83.2  83.2  82.7  83.2  79.4  76.9  75.5  74.4  74.4  75.5  76.6  75.2  75.7  81.8  78.2  78.7  77.4  79  79  78.2  78.5  78.8  77.7  79.3  81.8  85.7  88.2  87.4  91.3  87.7  81.3  78.3  80  76.3  75.2  71.9  68.3  62.8  66.6  70.8  72.2  70  72.7  70.5  68.9  69.4  72.2  72.2  72.7  70  70  68.9  68.6  71.9  73.5  71.3  68.6  67.7  72.2  72.2  72.2  72.5  72.7  75.2  72.5  77.2 
 -38.9  -40  -41.7  13.7  73.3  71.6  69.4  73.3  69.4  71.9  75.8  79.6  84.9  86  86  87.4  87.9  89.6  83.2  80.5  76.9  76.9  75.5  75.5  76.6  75.2  73.5  81  77.4  79  77.6  79.3  79  75.7  76  78.5  75.7  79.9  82.4  84.9  87.4  86.8  90.4  88.5  82.4  79.4  80.2  77.7  76.6  71.9  69.7  65.8  68.3  71.1  73.8  72.7  74.7  72.5  72.2  71.4  73.9  72.8  73  70  68.6  66.9  66.6  69.9  70.2  68  67.4  66.9  70.2  69.1  69.4  69.7  69.7  74.7  73.3  77.2 
 -39.3  -40.7  -42.4  12.7  72.2  70.8  69.7  71.1  67  68.3  72.5  76.4  83.3  84.1  85.5  88.3  89.6  91.6  85.2  82.4  77.5  76.1  75  75  75.3  74.5  74.2  81.6  76.7  80  78.8  80.2  79.7  77.2  77.2  76.9  75.5  82.1  84.4  86.9  89.6  89.4  90.5  88.6  85  82.8  82.5  78.6  77.2  71.4  68.9  67.8  70.3  72  73.6  72.5  75.6  72  73.1  72.6  73.7  71.5  72.8  69.8  68.1  65.6  66.7  69.7  68.3  66.1  65.3  63.6  68.3  67.5  68.9  70.6  70.3  74.2  74.2  79.4 
 -35.7  -37.2  -41.4  15.1  74.5  73.4  73.7  74  69.8  69.9  73.7  80.1  85.3  87.3  88.4  89.7  90  91.7  86.7  83.1  76.8  75.7  73.8  74  74.3  75.7  74.6  80.7  76.5  79.8  79.8  79.5  77.3  73.4  72.3  74.3  73.2  81.2  82  82.3  85.4  85.1  87.6  85.4  79.3  76.8  75.5  73.2  71.6  66.8  65.7  65.7  68.8  71.8  72.1  70.7  73.5  69.9  70.8  71.6  71.9  69.1  70.7  69  67.7  65.2  68.8  70.7  67.9  65.4  63.5  60.2  64.6  63.8  65.2  65.7  66.8  70.7  71.8  78.4 
 -38.4  -39.8  -42.7  13.7  74.5  73.7  74.2  75.6  70.1  71.2  75.3  80.3  84.2  85  85.8  86.9  87.4  89.1  85.5  81.7  75.3  75.3  72.8  73.1  74.8  76.4  76.4  81.1  78.1  82.5  83.8  84.1  82.2  78.3  78  80.2  79.1  86.3  85.8  84.7  87.2  86.9  88  86.1  79.8  77  75.4  73.4  70.9  65.1  64.8  66.2  67.9  70.9  71.8  71.8  74.3  71.8  75.1  74.8  73.7  69.6  70.1  66.8  64  60.4  63.7  63.5  62.1  60.7  61.2  58.7  64.5  63.4  66.4  65.9  68.1  70.6  69.2  75 
 -38.7  -41.8  -42.2  14.1  74.8  72.3  72.6  73.9  69.5  68.1  73.6  77.2  81.1  82.2  83.6  85  84.4  84.7  83.6  78.6  72.9  71.8  69  70.4  71.8  73.4  74.8  78.4  76.4  79.2  80.3  79.2  76.9  73.4  74.5  76.9  75.8  83.3  82.7  84.4  86.9  84.4  85.3  82.8  77.2  74.5  72.6  72  66.8  62.3  61.7  63.1  64  65.9  67.9  69  70.1  70.4  73.4  73.4  72.6  69.2  70.9  67.8  64  61.8  64.8  64.8  65.6  63.9  64.8  61.2  65.9  66.1  69.2  67.5  71.1  72.5  71.4  76.1 
 -42.5  -45.7  -46.1  10.3  70.9  68.8  70.1  71.8  66.6  67.9  72.1  75.4  79.3  79  80.4  82  82.5  83.6  81.2  76.2  70.4  68.8  68.8  70.1  71.2  71.5  74.3  78.1  77.5  80.6  82.2  80  77.8  74.2  73.9  75.3  73.9  80.3  78.4  78.4  79.5  77.1  78.2  78.4  72.9  70.1  67.9  67.6  64.1  59.6  58  59.4  58.8  60.8  64.1  66.9  69.3  69  74.5  76.7  75.4  72  73.6  69.2  66.2  64  68.4  67  66.7  65.4  67.6  63.7  68.7  67.8  70.6  67.8  71.1  71.4  70.3  73.4 
 -46.5  -48.3  -47.3  8.99  68.1  65.3  67  69.5  65.3  66.4  69.2  70.8  74.9  76  77.7  79.3  80.4  78.8  79.1  72.7  67.3  64.3  64.2  65.9  67  67  70.8  73.6  75.4  77.4  80.1  77.6  74.1  70.2  69.9  71.6  69.9  75.4  73.5  73.5  74.9  74.9  76.3  75.2  69.7  68.1  65.6  66.4  64.2  59.8  55.4  56.8  57.3  59.3  61.5  62.9  65.4  63.7  70.6  74.1  72.5  70.5  73.5  69.1  67.4  65.2  68.5  67.1  68.2  68.5  68.5  63.3  68.5  68.8  71.5  69.6  71.8  69.4  66.9  71.3 
 -49.5  -51.3  -51.2  6.35  64.2  63.1  63.6  65.8  64.4  64.4  66.8  69.3  70.7  72.6  73.9  74.5  74.8  72.9  72.9  68  62.8  60  60  61.7  63.8  65.2  67.6  72  73.9  74.7  77.2  73.7  70.4  66.8  66.2  67.9  67.3  71.7  70.9  70.9  73.4  72.8  73.9  72.8  67.9  66.2  62.7  64.9  64.3  59.1  56.1  57.5  56.7  58.1  58.9  62.5  63.6  61.4  69.3  72  71.5  70.9  73.9  69.2  66.7  65.6  69.2  66.5  67.6  65.4  64  59.1  64.6  63.2  66  65.4  67.6  66  64.9  69.3 
 -49.4  -53.7  -53.6  3.77  62.8  60.6  61.2  61.9  60.2  60.5  63.3  64.3  67.1  67.9  70.6  72  73.3  73.1  72.8  68.9  65.1  61  61.8  62.9  65.4  67  67.8  70.8  73.8  73.3  74.7  71.4  68.7  65.1  64.5  66.7  66.4  69.5  68.7  68.6  69.5  68.7  68.7  67.6  63.5  64.3  62.2  64.3  63.5  59.7  56.7  59.2  58.4  57.3  57.9  60.6  61.7  61.9  67.4  69  67.1  66.2  70.5  64.8  62.1  62.3  63.5  62.1  64.5  65  64.3  58.3  62.6  62.6  64.1  66.2  68.4  65.4  63  67.1 
 -51.9  -56.2  -57.5  0.732  59.2  59.2  60.6  64.1  63.8  64  68.1  68.1  69.5  70.2  72.1  72.4  71.4  70.3  71.1  67  65.3  60.1  60.2  59.6  60.7  63.5  65.1  67  70.2  68.9  70.3  69.2  67.8  66.7  66.4  66.4  67.5  69.2  67.8  69.1  68.8  68.1  68.1  66.5  63.4  63.9  60.4  62.9  60.7  56.9  52.6  53.7  51.8  52.1  51.3  54  54.8  56.4  60.5  64.6  64.3  65.9  68.9  63.4  62  61.5  62.9  63.1  65.8  65  63.1  57.4  61.8  62.9  65.4  67.3  68.1  64  60.3  64.1 
 -53.8  -57.9  -60.6  -3.65  54.6  54.6  55.1  61.1  60.8  62.4  66.2  66.5  67.5  68.6  70.5  69.4  67.5  66.2  66.7  61.6  62.3  58.5  57.2  55.4  56.2  58.6  59.2  61.4  66.8  64.1  64.1  64  64  64.5  65.5  68  67.7  68.3  67  68.3  67.7  66.9  68.1  65.1  61  60.4  55.6  59.4  58.6  55.1  50.8  50.5  50  50  48.9  52.7  52.1  55  59.1  62.9  62.6  63.9  67.2  63.1  62.2  62.8  62.8  62.7  65.7  64.9  61.9  56.3  59.3  61.2  62.4  64.3  65.4  62.4  57.3  61.1 
 -58.9  -62.8  -64.4  -8.01  49.7  49.4  51.3  55.9  54.5  56.7  59.4  58.6  60.2  60.5  63.7  62.4  62.9  61.9  60.8  57.8  59.7  56.7  56.2  54  55.4  56.7  59.7  63.2  66.5  62.7  61.9  63.2  63.5  65.1  66.2  66.2  65.7  67.6  67.6  70  69.4  69.9  69.4  66.7  64.7  64.8  58.6  61  58.9  53.3  47.6  46.5  45.7  46  44.7  49.8  49.3  53.3  58.7  62.4  63.2  63.4  64  61.2  61.2  63.1  62  62.8  66.8  66.1  65.3  62  62.7  63.8  63.5  65.4  64.4  59  53.8  56.2 
 -59.9  -62.4  -65.4  -9.3  47.8  48.8  50.7  54.2  54.2  55  55.1  56.6  58.3  58.9  62.1  59.5  59.5  57.3  55  53.3  54.1  50  49.8  47.6  49  50.6  52.5  57.1  60.3  56.8  57  56.8  55.7  58.6  59.7  60.8  60.2  60.8  59.5  62.2  61.9  62.4  61.6  58.9  58  58.3  52.5  54.9  53.6  50.1  44.7  43.6  42.8  41.8  39.1  45  44.4  47.6  52.2  57  57.8  59.4  60.3  60.2  61.8  64.8  63.4  64  68  67.5  65.6  61.3  59.5  59.3  57.6  60.6  58.2  52.8  49.1  50.9 
 -62.1  -61.9  -66  -10.2  47.6  48.9  50.8  54  51.7  53.6  52.6  54.1  56  55.5  58.7  57.1  56.1  56.3  53.9  53.3  54.1  49.9  49.7  46.2  46.5  48.1  47.6  52.2  54.1  50.6  50.9  51.7  52.2  55.8  55.6  57.7  56.9  56  56  57.4  56  57.4  55.8  54.4  53.6  54.1  49.3  51.4  52.5  48  42.9  43.1  43.6  42.6  38.9  45  43.5  45.3  50.9  55.7  56.2  56.8  57.6  58.6  60.2  62.8  62  62.3  65.3  64.7  63.9  61  57.9  57.4  56.3  57.9  55.6  48.9  46.4  48.3 
 -62.9  -62  -65  -9.64  47.8  50.2  52.1  55.6  54.6  53.8  52.8  53.3  55.2  55.8  57.7  53.8  51.4  50.3  50.6  50  50.8  46.5  45  41.5  43.3  46.2  46  47.9  48.7  46.3  45.2  45  44.5  49.2  49  50.6  51.3  51.6  52.7  55.4  55.4  57.5  54.6  51.8  51.3  51.6  46.7  47.9  48.9  45.3  40.6  40.8  41.4  40.3  35.3  40.4  38.7  40.8  45.3  49.1  49.9  50.4  51.2  54.5  56.4  57.8  57  56.2  60.5  60.8  60  56  50.5  49.4  49.4  50.5  49.4  43.5  39.8  42.9 
 -65.3  -64.1  -68.2  -13.1  45.3  46.9  47.5  49.9  47.9  48.2  45.9  47.7  49.5  49.8  52.7  49.8  47.2  47.5  46.3  48.4  50.3  47.4  44.4  39.7  40.5  43.4  43.4  44.2  43.8  41.6  39.2  39.5  40.4  45.1  46.2  46.2  48.3  47.2  47  48.3  48.1  50.1  48.2  45.6  47.4  47.7  45.2  46.5  48.9  46.4  42.7  43  43.7  41.6  35.4  40.4  38.6  40.7  43.9  46.6  46.3  45.6  46.1  50.7  51.3  52.8  52  51.3  55.5  55.5  55.7  52.1  45.3  43.4  44.5  45.8  44.7  40.2  36.7  39.6 
 -65.1  -65.3  -68.3  -15  44.4  43.6  42.7  45  41.6  44.3  41.9  42.7  46.8  45.8  50  48.4  47.1  47.7  45.5  47.8  48.2  44.3  41.4  35.6  35.1  35.4  35.3  35.8  35.4  35.6  34.5  35.8  36.4  42.4  45  45.1  46.1  43.8  42.5  43.6  42.5  45.8  42.6  38.7  40  41.6  41.5  42.8  42.7  41.1  37.7  37.9  41  39.4  33.2  37.2  34.3  38  41.2  42.3  42.4  41.4  41.8  45.5  44.5  47.3  46.3  45.6  49.8  51.9  52.1  49.3  42.2  42.7  43.7  45  43.9  40.9  36.5  39.6 
 -69.9  -69  -72.1  -17.9  39.7  38.8  38.8  42.2  39.8  43.4  41.1  41.8  44.7  43.6  46.5  43.8  41.5  41.8  40.1  42.2  42.5  37.4  36  31.7  30.9  32.3  31.5  32.9  31.6  33.1  34.6  35.5  34.5  39.5  39.8  39.5  40.8  38.3  35.7  35.5  35  39.7  39.1  36.5  39.3  39.5  39.4  41.7  42.9  41.1  37.6  37.9  41  40.5  34.3  37.9  33  35.7  38.9  41  41.1  39  38.4  43.2  43.5  47.3  46.1  45.3  48.2  47.6  47.6  44.6  37.5  35.7  38  39  38.1  35.5  32.4  35.8 
 -70.3  -71.8  -73.3  -19.6  37.8  36.1  36.4  39.6  37.5  38.8  37.4  36.9  39.8  38.7  41  38.4  37.4  36.1  34.8  36.8  37.1  32  30.4  27.5  27.8  26.9  26.4  27.5  26.1  27.4  30.2  31.2  29.4  32.4  33.4  34.2  36.4  33.9  30.6  29.1  28.4  33  33.4  30.1  32.9  33.4  34.3  37.6  40.1  39.6  37  36.2  40.4  39.9  33.6  37.6  32.9  34.3  36.3  36.4  37.4  34.3  33.7  37.5  35.2  38.8  36.3  34.2  36.8  35  36  31.7  26.6  25.1  27.6  29.9  31.4  29.7  28  31.3 
 -73.6  -75.6  -76.2  -21.7  33.9  32.2  32.2  33.5  32.8  33.8  31.5  31.3  32.9  33  35.4  33  33  30.5  29.4  34.1  33  27.9  27.7  25.8  26.1  24.9  26.7  26.3  23.9  24.9  28.9  28.9  26.1  27.7  28.9  28.4  30.7  26.9  25.2  23.7  21.7  26.1  27.8  25.5  27.3  30.1  32.1  32.8  35.4  36.8  33.5  31.6  34.4  35.1  29.1  32  28.9  28.9  29.8  29.9  32.4  29.5  29  30.5  29.2  31.6  29  26.9  29.5  27.2  29.5  26.3  22.3  19.8  23.3  24.3  25.8  25.2  24.7  25.5 
 -78.1  -80.1  -79.5  -25.6  28.5  26.8  26.5  27.8  28.2  28.9  27.6  27.4  29  30.2  31.5  29.7  29.5  27  27  29.7  28.6  22.6  22.2  20.4  20.2  19  18.2  16.5  16.1  17.2  21  19.9  19.1  21  22.3  24.3  27.1  22.3  20.2  19.9  18.9  21.9  22.6  19.2  18.7  20.9  24  23.8  26.4  28  25  25.1  29.1  30.8  26.1  27.9  27.3  27.6  28.1  28.1  28.3  25.5  26.3  26.4  24.2  24.1  20.3  17.5  19.2  19.1  20.4  14.9  12.2  10.7  15.2  15.9  18.4  18.8  17.4  19.4 
 -85.2  -87  -84.1  -31.8  21.9  18.9  18.3  19.6  21.2  21  21  20  23.8  24.5  27  26.8  25.9  23.3  24.6  24.7  24.7  17.5  17.2  14.4  13  11.5  11.9  9.15  10  8.6  12.5  13  13.3  15  17.7  17.2  21.2  17.7  17.9  17.1  15.8  20.1  19.8  14.9  15.7  17.7  19.6  19.6  22.7  23.2  20.3  20.3  25.6  26.3  22.7  24.4  23.8  22.6  21.9  20.6  20.9  18.1  19.9  19  15.5  15.2  12.9  11.4  12.9  13.8  13.9  9.33  6.79  6.7  10.2  10.7  13.3  13.7  11.9  14.2 
 -86.8  -89.1  -86.3  -34.4  17.7  14.4  13.6  14.9  17.8  17.6  17.6  15.6  18.1  19.8  22  22  22.4  17.3  17.4  16.5  17.5  12.7  12.5  11.3  8.66  6.01  8.71  5.92  8.09  7.98  11.6  12.3  10.1  10.8  13.5  11.7  15.7  13.3  11.1  9.31  9.06  13.6  15.3  9.38  10.6  11.4  12.3  13.5  16.6  15.9  12.7  11.6  16.6  17.3  15  15.6  15.1  12.9  12.1  10.9  11.4  8.6  10.4  8.18  5.91  4.5  3.13  1.62  4.34  5.27  6.25  0.253  -0.983  -2.26  1.95  3.52  6.3  8.03  6  8.53 
 -93.7  -95.7  -94  -43.2  8.46  6.1  5.28  5.19  8.77  11  11.2  10.3  12.8  13.3  17.1  18.1  21  16.4  14.9  13.8  14.7  10.5  11.2  7.79  2.74  -2.37  -1.09  -2.59  -0.187  -1.33  3.11  3.89  3.6  5.25  10.4  8.88  10.7  8.06  5.78  4.04  4.96  7.52  9.28  3.32  5.58  6.4  7.48  9.98  12  10  9  7.99  11.8  13.4  13.6  12.7  10.9  8.73  6.76  5.52  6.01  4.17  4.94  0.536  -1.74  -3.02  -4.38  -4.6  -4.33  -3.14  -2.16  -8.05  -8.25  -8.1  -4.93  -3.33  -1.84  1.31  -0.483  0.0999 
 -98.9  -101  -98.3  -47.2  3.38  1.14  1.59  2.64  7.25  8.48  10.9  8.73  9.05  8.89  12.5  12.5  15.4  10.8  9.54  7.18  8.32  5.21  6.84  3.56  -0.474  -5.81  -5.82  -6.3  -4.54  -7.08  -2.5  -1.98  -1.13  0.75  4.62  3.48  3.1  2.43  2.34  1.5  2.41  3.7  4.2  -0.474  1.91  2.72  1.88  2.19  3.13  1.7  0.919  -0.0929  2.66  4.2  5.35  4.47  5.09  3.97  0.864  -0.611  0.896  0.112  -0.142  -4.55  -5.68  -9.38  -10.5  -10.7  -10.7  -10.6  -10.5  -14.2  -13.3  -12.1  -7.79  -8.61  -6.22  -3.07  -4.75  -4.28 
 -106  -107  -104  -52.2  -2.67  -3.9  -1.95  -0.794  3.81  3.8  5.21  4.16  3.24  3.34  5.66  4.56  7.2  2.59  2.36  -1.38  1.03  -1.07  0.555  -1.45  -4.6  -8.89  -10  -12.4  -10.6  -14.2  -10.6  -10.1  -8.16  -8.44  -6.73  -7.87  -7.24  -5.75  -6.1  -7.8  -8.03  -7.98  -6.21  -8.5  -5.86  -5.2  -7.31  -8.12  -6.17  -7.34  -8.15  -8.27  -7.02  -4.85  -3.7  -4.58  -1.8  -4.2  -6.41  -6.61  -5.99  -7.41  -8.55  -11.7  -11.5  -16.3  -15  -15.3  -16.4  -17.2  -16.2  -18.6  -18.8  -18.4  -15.2  -18.4  -16.9  -14.1  -14.8  -14.4 
 -110  -112  -109  -58.2  -8.51  -7.39  -7.53  -8.24  -4.42  -5.43  -4.02  -3.94  -4.86  -4.76  -3.53  -4.63  -1.12  -6.82  -8.41  -11.9  -9.51  -10.4  -9.99  -12.2  -14.2  -18.3  -17.3  -18.6  -16.2  -20.8  -19.6  -18.9  -15.9  -15.4  -12.7  -14  -13.7  -11.9  -9.91  -10.3  -10.8  -10.6  -10.9  -13.2  -11.8  -12  -15  -17  -15.5  -17.3  -18.3  -17.3  -17.2  -15.9  -13.6  -14.5  -10.5  -13.7  -13.9  -15.9  -15.3  -15.6  -16.8  -19.7  -19.5  -25.8  -23.3  -25.6  -25.8  -25.4  -25.5  -25.7  -26.2  -23.7  -20.3  -23.6  -22.3  -18.4  -19.2  -17.9 
 -117  -118  -117  -66.8  -18.1  -17  -16.1  -17  -13.4  -14.5  -13.5  -12.1  -14.1  -14.2  -13  -15.4  -12.1  -17.6  -18.1  -22.2  -20.8  -20.7  -19.1  -22.1  -23  -25.9  -23.8  -25.3  -22.1  -25.7  -25.8  -27.1  -23.5  -21.8  -20.9  -22.5  -22.9  -21.9  -19.2  -19.4  -18.7  -18.3  -19.8  -20  -20.8  -22  -24.2  -28  -25.7  -28.5  -29.3  -27.1  -27  -25.7  -22.3  -23.3  -18.7  -21.8  -19.6  -20.9  -22.6  -22.9  -22.7  -25.7  -25.4  -30.1  -27.6  -29.9  -30.2  -27.7  -29  -28.2  -29.6  -27.2  -25.2  -28.5  -28.5  -26.3  -28.1  -26.6 
 -128  -129  -129  -81.1  -33.3  -32.2  -31.3  -31.2  -28.9  -29.9  -27.9  -26.9  -27.6  -29  -28  -29.4  -27.3  -31.6  -32.2  -37.5  -36.1  -35.9  -34.3  -37.1  -38  -40.6  -39.8  -40  -36.9  -40.2  -41.5  -42.8  -39.2  -37.5  -36.9  -38.2  -38.6  -36.4  -33.9  -34.1  -32.3  -31.8  -34.6  -34.5  -34.3  -36.5  -38.7  -41.3  -38.9  -42.8  -42.6  -39.2  -39  -39  -35.9  -36.8  -33.4  -36.5  -34.6  -35.9  -38.8  -39.1  -38.9  -40.7  -41.6  -45.1  -42.6  -44.7  -44.9  -42.2  -43.7  -43  -44.4  -40.7  -39.7  -41.8  -41.8  -40.6  -42.3  -39.6 
 -139  -140  -141  -95  -48.2  -47.1  -47.1  -46.1  -43.7  -44.8  -42.8  -42  -43  -44.4  -43.3  -45  -43.9  -48.2  -48.5  -52.8  -51.2  -49.9  -49.2  -52  -52.7  -55.3  -53.2  -53.5  -51.3  -53.6  -54.9  -55.2  -52.6  -51.2  -50.5  -53.1  -53.7  -51.8  -50.3  -51.7  -50.8  -50.3  -51.9  -50.9  -49.4  -51.4  -53.3  -55  -51.4  -54.3  -53.1  -50.7  -51.7  -52.9  -49.8  -51  -48.8  -53.1  -52.1  -54.6  -56.6  -55.7  -55.5  -57.3  -57  -59.3  -55.6  -56.7  -55.7  -53.9  -55.5  -53.5  -54.9  -52.4  -52.4  -54.5  -54.5  -53.3  -55  -53.5 
 -150  -152  -153  -108  -63.9  -62.8  -62.8  -61.8  -60.6  -60.8  -58.8  -58.2  -60.4  -61.5  -61.4  -63.4  -61.3  -64.4  -64.7  -67.8  -66.2  -63.6  -63  -64.8  -64.3  -66.9  -66.1  -66.3  -65  -66.2  -68.7  -69.3  -66.6  -66.4  -67  -68.3  -70.1  -68.5  -67.9  -69  -67.9  -68.6  -69  -66.8  -66.3  -68  -68.7  -70.6  -67.3  -70.2  -69  -66.6  -68.8  -69  -66  -68.1  -65.9  -69  -67.1  -68.4  -70.4  -69.5  -69.3  -71.3  -70  -72.1  -69.6  -70.7  -70.9  -70.1  -70.5  -69.4  -69.6  -68.3  -67.4  -69.2  -69.2  -67.8  -69.5  -68 
 -165  -168  -169  -126  -82.2  -80.9  -80.7  -79.4  -78.2  -78.4  -76.4  -74.8  -77  -79.3  -79.3  -81.4  -79.6  -81.6  -81.6  -83.8  -83.3  -82  -80.1  -82.2  -80.5  -81.9  -82  -82.3  -81  -82.2  -84.4  -86.2  -82.4  -82.1  -82.7  -84  -85.9  -85.4  -83.6  -83.8  -82.7  -83.4  -84.7  -82.5  -82.3  -83.1  -83.8  -86.6  -84.2  -85.9  -84.8  -82.6  -84.8  -85  -81.9  -82.9  -79.8  -81.9  -80.9  -82.3  -84.2  -83.3  -83.1  -85.2  -85.1  -87.2  -85.8  -86.9  -88.3  -87.5  -88.8  -86.6  -86.8  -84.3  -84.3  -85.9  -86.1  -84.7  -86.4  -85.1 
 -178  -181  -183  -142  -101  -100  -100  -97.6  -97.3  -98.6  -96.9  -95.1  -97.3  -98.4  -98.6  -101  -100  -102  -102  -104  -104  -102  -102  -102  -99.6  -99.9  -98.8  -99.1  -98  -99.2  -101  -102  -99.2  -99.8  -102  -103  -104  -103  -101  -102  -102  -101  -103  -100  -100  -101  -102  -105  -103  -104  -104  -102  -103  -104  -102  -102  -99.1  -101  -99.4  -101  -103  -103  -102  -103  -103  -104  -103  -104  -104  -103  -105  -102  -102  -100  -100  -102  -102  -102  -104  -101 
 -193  -196  -199  -160  -121  -120  -120  -118  -118  -119  -118  -116  -118  -118  -119  -121  -121  -123  -123  -125  -125  -125  -125  -124  -122  -122  -121  -121  -119  -119  -120  -121  -119  -120  -122  -122  -122  -122  -121  -122  -122  -122  -123  -121  -122  -123  -123  -125  -123  -125  -125  -122  -124  -124  -122  -122  -120  -122  -118  -120  -122  -121  -121  -122  -123  -123  -122  -123  -123  -122  -123  -121  -122  -121  -122  -122  -123  -123  -124  -123 
 -209  -213  -216  -180  -144  -143  -143  -143  -142  -144  -143  -142  -143  -143  -144  -145  -145  -147  -147  -148  -148  -148  -148  -147  -145  -145  -143  -142  -140  -140  -142  -142  -142  -142  -143  -143  -143  -144  -143  -143  -142  -142  -143  -142  -143  -145  -145  -146  -144  -145  -146  -144  -145  -146  -144  -144  -143  -145  -143  -144  -145  -144  -143  -144  -145  -145  -145  -146  -145  -144  -145  -145  -145  -144  -144  -143  -143  -144  -145  -144 
 -230  -234  -238  -205  -173  -173  -172  -171  -171  -172  -171  -171  -172  -172  -172  -173  -174  -175  -174  -174  -174  -174  -174  -175  -174  -174  -173  -174  -173  -171  -171  -172  -171  -171  -172  -172  -172  -173  -173  -173  -173  -172  -173  -171  -172  -173  -173  -173  -172  -173  -173  -173  -173  -173  -172  -172  -171  -172  -171  -171  -172  -172  -171  -172  -173  -173  -173  -173  -173  -172  -172  -172  -172  -172  -173  -173  -173  -174  -174  -174 
 -250  -254  -258  -229  -200  -200  -200  -200  -200  -200  -200  -200  -200  -200  -200  -200  -200  -200  -200  -200  -200  -200  -200  -200  -200  -200  -200  -200  -200  -200  -200  -200  -200  -200  -200  -200  -200  -200  -200  -200  -200  -200  -200  -200  -200  -200  -200  -200  -200  -200  -200  -200  -200  -200  -200  -200  -200  -200  -200  -200  -200  -200  -200  -200  -200  -200  -200  -200  -200  -200  -200  -200  -200  -200  -200  -200  -200  -200  -200  -200 
 -266  -270  -274  -247  -220  -220  -220  -220  -220  -220  -220  -220  -220  -220  -220  -220  -220  -220  -220  -220  -220  -220  -220  -220  -220  -220  -220  -220  -220  -220  -220  -220  -220  -220  -220  -220  -220  -220  -220  -220  -220  -220  -220  -220  -220  -220  -220  -220  -220  -220  -220  -220  -220  -220  -220  -220  -220  -220  -220  -220  -220  -220  -220  -220  -220  -220  -220  -220  -220  -220  -220  -220  -220  -220  -220  -220  -220  -220  -220  -220 
 -280  -284  -288  -264  -240  -240  -240  -240  -240  -240  -240  -240  -240  -240  -240  -240  -240  -240  -240  -240  -240  -240  -240  -240  -240  -240  -240  -240  -240  -240  -240  -240  -240  -240  -240  -240  -240  -240  -240  -240  -240  -240  -240  -240  -240  -240  -240  -240  -240  -240  -240  -240  -240  -240  -240  -240  -240  -240  -240  -240  -240  -240  -240  -240  -240  -240  -240  -240  -240  -240  -240  -240  -240  -240  -240  -240  -240  -240  -240  -240 
 -292  -297  -302  -280  -257  -257  -257  -257  -257  -257  -257  -257  -257  -257  -257  -257  -257  -257  -257  -257  -257  -257  -257  -257  -257  -257  -257  -257  -257  -257  -257  -257  -257  -257  -257  -257  -257  -257  -257  -257  -257  -257  -257  -257  -257  -257  -257  -257  -257  -257  -257  -257  -257  -257  -257  -257  -257  -257  -257  -257  -257  -257  -257  -257  -257  -257  -257  -257  -257  -257  -257  -257  -257  -257  -257  -257  -257  -257  -257  -257 
