 -322  -310  -298  -275  -252  -252  -252  -252  -252  -252  -252  -252  -252  -252  -252  -252  -252  -252  -252  -252  -252  -252  -252  -252  -252  -252  -252  -252  -252  -252  -252  -252  -252  -252  -252  -252  -252  -252  -252  -252  -252  -252  -252  -252  -252  -252  -252  -252  -252  -252  -252  -252  -252  -252  -252  -252  -252  -252  -252  -252  -252  -252  -252  -252  -252  -252  -252  -252  -252  -252  -252  -252  -252  -252  -252  -252  -252  -252  -252  -252 
 -305  -295  -285  -260  -235  -235  -235  -235  -235  -235  -235  -235  -235  -235  -235  -235  -235  -235  -235  -235  -235  -235  -235  -235  -235  -235  -235  -235  -235  -235  -235  -235  -235  -235  -235  -235  -235  -235  -235  -235  -235  -235  -235  -235  -235  -235  -235  -235  -235  -235  -235  -235  -235  -235  -235  -235  -235  -235  -235  -235  -235  -235  -235  -235  -235  -235  -235  -235  -235  -235  -235  -235  -235  -235  -235  -235  -235  -235  -235  -235 
 -287  -279  -271  -244  -217  -217  -217  -217  -217  -217  -217  -217  -217  -217  -217  -217  -217  -217  -217  -217  -217  -217  -217  -217  -217  -217  -217  -217  -217  -217  -217  -217  -217  -217  -217  -217  -217  -217  -217  -217  -217  -217  -217  -217  -217  -217  -217  -217  -217  -217  -217  -217  -217  -217  -217  -217  -217  -217  -217  -217  -217  -217  -217  -217  -217  -217  -217  -217  -217  -217  -217  -217  -217  -217  -217  -217  -217  -217  -217  -217 
 -268  -262  -255  -226  -197  -197  -197  -197  -197  -197  -197  -197  -197  -197  -197  -197  -197  -197  -197  -197  -197  -197  -197  -197  -197  -197  -197  -197  -197  -197  -197  -197  -197  -197  -197  -197  -197  -197  -197  -197  -197  -197  -197  -197  -197  -197  -197  -197  -197  -197  -197  -197  -197  -197  -197  -197  -197  -197  -197  -197  -197  -197  -197  -197  -197  -197  -197  -197  -197  -197  -197  -197  -197  -197  -197  -197  -197  -197  -197  -197 
 -248  -243  -239  -207  -176  -176  -176  -176  -176  -176  -176  -176  -176  -176  -176  -176  -176  -176  -176  -176  -176  -176  -176  -176  -176  -176  -176  -176  -176  -176  -176  -176  -176  -176  -176  -176  -176  -176  -176  -176  -176  -176  -176  -176  -176  -176  -176  -176  -176  -176  -176  -176  -176  -176  -176  -176  -176  -176  -176  -176  -176  -176  -176  -176  -176  -176  -176  -176  -176  -176  -176  -176  -176  -176  -176  -176  -176  -176  -176  -176 
 -223  -219  -216  -182  -147  -147  -147  -147  -147  -147  -147  -147  -147  -147  -148  -148  -148  -148  -148  -148  -148  -148  -148  -147  -147  -148  -147  -147  -147  -148  -147  -147  -148  -148  -148  -149  -150  -150  -150  -150  -149  -149  -150  -150  -149  -148  -149  -149  -149  -150  -150  -149  -150  -150  -151  -151  -150  -150  -150  -149  -149  -148  -149  -149  -148  -148  -148  -147  -148  -149  -149  -149  -148  -148  -147  -148  -149  -148  -147  -148 
 -204  -203  -199  -163  -126  -127  -126  -126  -125  -126  -126  -126  -126  -125  -125  -124  -125  -125  -125  -125  -126  -126  -127  -127  -127  -127  -127  -126  -126  -126  -124  -124  -125  -125  -124  -125  -127  -127  -127  -127  -126  -126  -128  -128  -126  -125  -126  -126  -126  -128  -127  -126  -126  -127  -127  -127  -127  -128  -128  -127  -128  -129  -130  -130  -129  -129  -128  -126  -127  -127  -126  -126  -125  -125  -125  -126  -126  -125  -124  -126 
 -188  -186  -182  -144  -105  -106  -106  -106  -105  -106  -106  -106  -106  -104  -104  -104  -106  -107  -106  -107  -109  -109  -111  -111  -110  -110  -109  -108  -107  -107  -105  -104  -105  -105  -103  -104  -107  -108  -108  -109  -110  -109  -110  -111  -108  -107  -107  -106  -105  -106  -105  -105  -105  -106  -105  -105  -106  -107  -107  -106  -106  -106  -108  -108  -107  -106  -106  -103  -105  -106  -105  -105  -104  -104  -105  -106  -106  -106  -104  -106 
 -176  -172  -169  -128  -87.3  -88.2  -86.8  -86.1  -86.2  -87.5  -88.2  -88.2  -88  -85.7  -87.5  -87.6  -90.5  -91.6  -90.3  -89.6  -90.9  -91.1  -93.6  -92.7  -93.2  -92.9  -90.9  -90  -89.3  -90  -88.3  -87.1  -89.1  -87.5  -84.6  -86.4  -89.3  -90.4  -89.5  -90.4  -90.1  -88.1  -89.2  -90.1  -86.7  -85.9  -86.5  -85.8  -84.9  -86  -86  -87  -87  -88.6  -88.3  -87.2  -87.9  -89.7  -90.8  -90  -90.2  -91.3  -93.3  -92.2  -92.9  -92  -90.7  -87.1  -88.8  -88.8  -87.5  -87.5  -86.6  -86.4  -87.1  -89.5  -90.2  -89.6  -88.5  -89.8 
 -162  -159  -156  -113  -70  -69.7  -68.1  -68.6  -69.8  -72.3  -73  -73  -72.8  -71.7  -73.5  -73.8  -75.5  -76.7  -75.3  -73.4  -73.8  -74.3  -75.6  -74.7  -75  -74.7  -71.7  -69.9  -70.4  -71.1  -69.1  -68  -70  -68.4  -65.4  -67  -70.8  -70.7  -69.8  -71  -71  -68.9  -70  -70.9  -67.8  -65.8  -67.6  -66.7  -66.7  -68.7  -69  -70.2  -70.4  -72.9  -72.9  -70.6  -72.5  -73.3  -73.3  -73.4  -73.6  -75.7  -77.7  -76.3  -77.3  -76.4  -74.8  -71.4  -72  -72.9  -71.6  -70.6  -71  -70.7  -71.4  -73.9  -75.5  -75.1  -72.9  -73 
 -149  -146  -142  -98.2  -54.2  -54.8  -53.2  -52.5  -53.9  -56.5  -58.1  -58.1  -56.7  -55.6  -56.2  -57.5  -59.5  -60.3  -59.2  -56.4  -56.8  -57.5  -57.9  -57.2  -57.4  -58.2  -55.4  -53.6  -53.9  -54.8  -52.5  -52.4  -55.3  -52.5  -48.4  -49.9  -54.7  -54.6  -53.5  -54.6  -53.7  -51.6  -53  -54.1  -51.9  -48.7  -51.7  -50.8  -52  -53.8  -53.1  -55.3  -56.5  -57.8  -58  -54.8  -56.9  -57.7  -58.9  -59  -59.2  -60.3  -63.5  -63.1  -64.1  -62.9  -61.3  -57  -57.6  -58.5  -57.2  -55  -54.2  -53.7  -55.6  -56.8  -58.5  -58.1  -55.8  -55.7 
 -138  -134  -131  -86  -40  -40.7  -37.9  -38.4  -41  -42.4  -44  -44  -42.6  -41.3  -41.9  -43.3  -45.3  -45.3  -45.3  -43.5  -43.9  -44.6  -46.2  -45.5  -46.7  -47.4  -44.7  -42.9  -41.9  -43.1  -39.6  -39.5  -41.2  -37.2  -32.1  -33.6  -38.4  -38.4  -36.9  -39.3  -38.4  -37.5  -40.1  -42.2  -39.7  -36.5  -39.6  -38.9  -40.1  -40.9  -39.3  -41.4  -42.6  -43.9  -43  -40.9  -44  -43.6  -44.8  -44.9  -44.1  -45.3  -48.7  -49.5  -50.5  -48.1  -46.5  -42  -43.5  -45.4  -42.8  -40.7  -38.6  -37.2  -39.3  -40.8  -43.6  -43.3  -39.8  -39.7 
 -126  -123  -119  -73.4  -25.3  -25.8  -22.9  -22.5  -25.4  -27.9  -29.6  -29.8  -28.4  -28.3  -30.2  -31.6  -33.4  -34.3  -33.4  -31.5  -31.9  -31.4  -31.7  -30.1  -32.3  -34.2  -30.5  -28.7  -27.7  -28.6  -25.5  -25.3  -28  -24  -17.9  -19.4  -24  -22.7  -21.3  -23.6  -22.9  -22.1  -23.7  -25.5  -24.1  -20.9  -23.9  -23.2  -24.2  -25  -22.1  -24.3  -25.5  -26.8  -27  -25  -28.3  -29.2  -30.4  -30.7  -29.7  -31.1  -33.3  -33.1  -34.3  -32.9  -30.1  -25.6  -26.9  -29.9  -27.4  -26.5  -24.4  -24  -24.8  -27.6  -30.4  -30.3  -26.8  -26.5 
 -114  -113  -108  -61.5  -11.5  -11.6  -8.78  -8.31  -12.5  -15.3  -16.9  -16.9  -14.3  -15.4  -18.5  -20.9  -22.7  -22.6  -21.7  -19.8  -20.5  -20  -19.3  -17.7  -18.6  -20.6  -17.9  -15.8  -13.6  -15.5  -13.5  -13.1  -14.8  -12  -5  -5.55  -10.3  -10.3  -7.65  -10  -9.31  -9.45  -9.78  -11.6  -10.2  -6.96  -9.99  -9.32  -10.3  -11.4  -8.49  -10.9  -13.1  -14.1  -15.4  -12.1  -15.6  -15.5  -16.7  -15.8  -14.8  -15.2  -17.4  -17.2  -19.7  -19.3  -16.5  -11.7  -13.2  -16  -14.5  -13.8  -10.5  -9.07  -9.96  -13.7  -16.8  -16.7  -14.4  -12.8 
 -108  -106  -102  -54.2  -4.5  -4.39  -1.57  -2.09  -5.99  -9.79  -11.2  -11.2  -7.56  -8.71  -10.9  -14.6  -16.1  -16.3  -14.1  -12.5  -12.9  -12.4  -10.6  -11.3  -11  -10.8  -10.2  -9.35  -6.92  -7.96  -6.87  -6.17  -6.82  -5.04  0.882  2.42  -0.232  -1.46  1.45  -1.91  -1.69  -1.83  -0.298  -2.11  -1.76  0.117  -2.05  -2.63  -2.35  -2.06  0.801  -2.45  -3.78  -4.61  -4.51  0.0522  -4.39  -5.77  -7.2  -6.15  -4.91  -7.19  -8.3  -8.35  -13  -11.6  -7.73  -3.76  -4.44  -6.4  -3.81  -4.42  -2.18  0.0388  -0.818  -4.47  -7.59  -8.32  -7.45  -4.99 
 -99.8  -97  -92.7  -43.3  8.38  9.35  10.8  9.23  4.44  1.76  -0.837  -0.601  2.81  0.289  -3.04  -6.7  -6.33  -6.51  -4.36  -2.68  -3.49  -3.98  -1.65  -0.999  -0.474  -1.13  0.628  0.303  1.69  0.811  2.02  2.46  1.81  3.37  8.02  8.29  6.78  5.55  8.2  4.87  4.09  2.68  4.44  4.75  5.26  5.86  3.47  3.11  2.36  4.8  8.04  4.82  2.65  1.65  1.65  6.21  2.92  3.43  2  1.78  3.87  1.44  0.329  -0.724  -5.1  -3.97  -2.26  0.595  0.805  -1.78  0.963  1.62  5.13  7.35  6.75  4.6  1.47  2.01  2.65  5.96 
 -93.6  -93.2  -90.3  -40.4  13  13.5  15.8  15.3  10.5  7.79  6.7  6.71  10.4  5.71  3.77  0.116  1.39  2.09  4.38  5.68  7.03  6.76  11.2  11.9  11.3  10.9  10.7  10.4  11.9  10  9.94  8.23  7.32  8.9  11.4  11.4  9.76  9.66  13.3  12.2  12.5  9.21  9.69  11  12.8  14.7  9.88  7.6  5.71  8.3  12.6  11.5  9.37  8.12  6.72  12.3  9.91  9.37  8.17  7.96  9.17  6.74  6.12  4.05  0.171  0.165  3.8  6.42  6.63  3.9  5.36  4.74  8.48  9.42  9.96  7.8  4.91  5.68  5.42  10 
 -86.9  -87.8  -84.9  -34  20.1  19.5  20.7  18.2  14.1  11.9  13  13  16.4  12  11  8.87  11.1  12  12.8  13.2  13.9  13.4  18.5  19.3  19.3  18.9  16.5  17.2  17.5  15.2  15.1  12.4  11.4  12.1  14.7  15.6  12.9  14.1  18.2  16.2  16.5  12  11.2  12.5  13.1  15.2  11.6  9.05  8.18  11  17.7  19.1  15.9  14.9  15.7  18.8  16.2  16.6  16.6  16.4  17.3  16.8  18.4  14.9  12.2  11.4  13.9  15.4  14.3  9.36  9.8  7.89  11.9  14.1  14.4  13.7  10.8  11.5  13.5  18.4 
 -84.9  -84.7  -83.1  -31.6  23.2  20.4  21.4  21.1  18.1  17.1  19.2  20.3  23.4  18.9  18.9  17  18.1  18.8  20.6  20.1  20.1  20.1  25.3  25.1  26.1  26  22.7  22.5  23.9  21.6  21  18.3  18.6  19.3  21.9  21.6  19.8  19.6  23.3  21.9  22.4  17.6  15.5  15.5  16.4  17.6  15.4  12.6  12.4  16.2  23.2  25.8  23.9  25.1  26.2  27.9  26.4  26.1  23.6  24.3  25.3  24.7  26.3  22.6  20.1  18.3  20.5  23.5  21.2  16.2  18  14.9  20  22.5  22.8  22.1  19.8  19.8  20.6  24.4 
 -82  -81.7  -80.2  -26.8  29.5  27.7  29.7  29.2  26.5  24.2  26.2  26  26.6  21.1  20.2  19.2  20.5  19.9  23.2  21.8  21.8  23.3  29  27.6  29  28.8  25.7  25.2  27.4  25.4  24.3  22.2  23.5  22.7  25.4  26.4  24.6  24.3  29.2  26.7  26.2  22.8  19.9  19.9  21.7  23  22  17.9  20.2  22.7  27.4  32.3  30.3  30.1  31.3  32.4  31.2  30.6  30.3  31.1  31.7  30.2  33.3  30.5  28  27  28.2  30.2  29  22.9  25.7  21.2  24.9  26.9  28.3  26.4  24.2  23.1  23.8  27.4 
 -76.7  -77.3  -75.9  -20.7  35.1  33.6  34.6  36.7  34.2  30.6  31.6  32.4  33.1  28.3  26.1  25.4  26.6  26.4  29.6  30.2  30.2  31.8  38.9  38.9  39.8  39.6  36.3  37.1  38.1  35.3  33  30.9  29.6  28.7  30.2  31.2  29.1  27.8  32.4  31.1  30.6  29.7  28.3  29.2  30.8  32.4  32.7  30.2  32.5  32.7  35.1  40  38.3  38.3  38.4  40.4  39.8  37.8  37.5  39.3  37.7  36.2  39.5  36.6  34.1  30.8  31  33.8  32.5  27.4  27.7  23.1  26.7  26.6  29.7  29.1  28  28  27.5  32.1 
 -74  -75  -74.9  -19.3  37.1  35.5  35.5  37.7  36.5  32.8  35.2  37.2  39.2  35.7  34.7  35.3  35.3  36.3  38.6  38.8  37.8  38.1  42.7  40.4  42  44.4  40.1  40.9  42.2  40.1  38.1  37.4  38.4  37.7  38  38.9  37.6  34.8  38.4  36.9  36.6  35.7  33  33.7  36  37.6  37.9  35.4  36.4  35.3  35.1  39  36.2  36.2  37.8  40  40.8  41.1  40.8  42.8  42  40.7  41.8  36.6  34.1  31.7  29.6  33.5  32  28.1  28.4  25  29.6  30.6  31.3  33  32  33.3  31.7  36.1 
 -69.5  -68.3  -69.2  -13.1  43.7  42.2  41.9  42.8  41.7  37  39.6  40.4  42.5  38.8  37.7  38.3  38.2  39.3  42.7  42.9  43.2  42.2  45.8  44.8  46.3  49.7  45.3  44.8  44.6  43.8  44.3  44.7  43.4  44.2  42.4  43.5  43.5  42  42.9  41.1  39.5  40.7  36.8  37.5  39.7  41.3  41.7  40.5  41.5  40.6  40.5  43.2  42.7  42.8  44.3  45.6  46.3  45.9  46.7  47.7  48.3  45.7  46.5  42.3  41.1  40  36.5  40.2  37.6  33.4  33.6  30.5  33.9  33.8  34.4  38.3  37.5  40.2  39.9  44.1 
 -65  -64.8  -67  -10.6  47.7  46  46  48.1  47.8  43  45.6  45.3  47.8  44.4  42.2  43.5  42.1  43.8  45.8  46.1  47.5  46.5  49  50.4  50.9  54.4  49.6  50.4  49.9  49.4  48.6  47.3  46  46.8  43.9  44  43.8  43.8  43.1  43.4  43.1  43.2  38.3  39.8  43.2  45.3  44.3  44.3  43  42.1  43.1  46.9  47  47  46.9  46.9  48.8  50.6  51.7  51.8  52.3  50.8  51.2  48.4  48.4  45.3  40.8  44  41.6  36.1  35.1  33.5  35.8  34.8  35  40  39.4  41.8  42.8  45.9 
 -65.2  -64  -67.5  -10.9  47.9  47.7  49.1  52.7  52.8  48  50.8  50.5  53.2  48.8  45.2  45.5  41.7  42  44.1  44.1  47  45.9  49.5  50.6  51.1  55.4  50.4  51.5  52.2  50.2  48.4  47.4  47.4  49.5  46.8  49.3  47.5  47.7  46.3  47.3  46.8  48.1  41.8  43.4  45.5  50.2  48.9  50.3  50.6  49.8  49.5  54.1  52.9  53.1  50.6  49.6  50.9  51.4  51.2  51.1  50.9  50.6  52.4  52  53  49.1  44.6  49  47.8  43.1  41.8  39  40  39  40.1  43.8  41.9  41.9  42.9  46.3 
 -66  -63.2  -64.4  -8.48  51  51.1  53.5  56.1  56.1  52.7  54  54  57.5  52.7  47.9  48.1  44.3  45.1  44.6  44.8  46.7  45.6  48.2  49.3  50.4  54.4  49.1  51.4  52.3  49.9  49.4  50.5  52.1  53.7  53.6  57.1  56.6  55.5  54.4  53.1  52.8  54.9  49.9  49.1  48.8  51  52  53.1  54.4  52  49.4  51.9  50.4  50.9  50.1  46.9  48.2  50.3  49  48.9  48.4  49.2  52.1  52.4  53.2  49.3  43.5  47.9  46.6  43.3  42.2  40.4  41.4  42.7  45.1  47.8  47  47  48  51.2 
 -62.7  -60.2  -60  -5.1  54.7  55.6  59.1  63  63.3  59.6  58.8  58.5  63.1  58  53.2  52.4  47.2  46.4  47.2  48.5  49  47.1  48.9  49  50.3  55.4  52.7  54.1  56.2  56.2  57  59.2  62.1  63.2  60.7  64  63.1  59.4  55.9  55.6  54.3  56.4  52.9  53.2  53.2  56.7  59.1  60.5  59.4  58.1  53.9  54.9  53.5  54  50.5  48.7  51.3  54.8  53.5  53.7  53.7  53.5  55.2  57.1  57.9  55  48.8  53.1  53.1  49.3  50.7  48.8  48.2  48.2  50.6  53  52.7  51.4  52.5  54.3 
 -60.7  -59.7  -57.9  -2.94  57.2  59.1  63.7  65.5  65.8  63.2  62.7  60  64.9  60.8  56  54.1  50.1  50.6  49.3  50  50.3  47  47.6  48.6  49.7  53.5  49.8  52.5  53.5  54.6  57  59.5  61.1  62.2  60.8  66.1  63.9  61.8  58.9  58.4  55.6  58.3  56.4  56.9  57.2  60.4  61.2  62.3  61.5  60.2  54.6  54.6  53.3  52.2  49.8  48.2  49.8  52.7  53.7  55.4  55.4  56.2  58.1  60.3  62.2  61.7  55.6  58.7  58.5  55.5  55.8  53.9  53  53.1  55.5  56.8  55.4  54  55.1  55.6 
 -58.4  -59.7  -57  -1.65  59.1  61  64.2  66.1  66.4  65.1  65.7  64.6  69.4  66.1  62.4  60.8  57  58.3  55.6  57.5  56.4  52.9  52.4  54.5  55.3  59.9  56.1  58  56.9  58  59.6  60.9  62.6  63.6  61.3  64.2  63  60.9  58  59.6  56.9  57.1  56.6  57.4  57.7  61  62.8  64.9  61.7  62.6  59.3  56.6  56.1  55.3  51.5  49.7  51.2  55.8  54.7  56.6  56.9  58  61  64.3  66.2  64.9  59.6  62.8  61.2  59.2  57.1  54.1  53.5  54.1  55.1  56.4  55.1  55  56.1  57.9 
 -57.6  -57.6  -54.8  0.507  62.6  64.5  67.5  69.1  69.1  66.7  68.3  66.1  69.8  65.8  62  61.5  58.1  59.1  57.7  58.3  57.2  53.7  52.6  54.8  57  61.2  56.6  57.2  56.1  58.5  60.2  61.7  64.4  64.4  61.2  65.5  66  65.2  62.1  63.7  61  60.1  58.3  60.1  60.1  61.8  62  62.8  59.6  61.5  58.2  55.5  54.7  52.5  50.1  48.8  50.7  56.6  54.4  56.4  58  59.1  63.2  67.8  68.3  68.1  62.7  66.2  65.6  64.8  64  61  59.4  62.4  62.1  63.4  61.8  59.6  59.6  60.6 
 -55.8  -55.6  -51.6  5.36  67.4  68.7  72.5  74.2  73.1  70.9  72.6  69.1  70.1  65  60.1  58.6  55  55.9  55.8  55.3  55.5  53.4  55.1  59.6  61.8  66.1  62.9  63.2  61.8  62.9  64.5  64.5  65.9  64.5  61.3  64.2  63.9  63.4  61.3  63.2  60.5  59.6  58  60.2  60.5  60.7  61  60.6  58.5  60.6  59  58.7  58.7  57.9  56.3  55.8  56.6  60.1  59  61  61.5  62.6  67.5  73.7  74.8  74.6  71.3  73.8  73.2  71  70.2  66.1  63.1  65.8  67.7  68.3  66.9  63.6  64.7  64.7 
 -55.3  -56.2  -52.4  4.66  65.6  65.2  69.3  73.7  72.6  70.4  71.7  68.2  69  65.2  61.7  61.2  57.6  57.4  57.4  57.1  57.4  55.5  58.3  62.9  64  67.2  66.2  67.5  66.4  67.3  67.5  65.1  67.8  67.2  65.1  65.9  64.8  62.9  62.4  65.7  65.4  63.2  61.9  62.7  62.9  63.2  64.6  61.5  59.6  62.1  59.3  60.1  60.1  59  58.5  56.6  58.8  60.7  58.5  60.2  58.3  59.4  65.9  71.1  73.5  73.3  72.5  74.7  76.8  76  75.2  70.8  67.8  70.3  72.1  70.2  69.2  63.2  62.8  62.9 
 -54.4  -55.3  -50  8.71  70.1  69.5  73.2  78.5  76.3  75.1  76.5  73.8  71.8  67.7  64.2  62.6  60.7  60.2  60.2  59.6  59.1  57.3  59.7  63.3  65.5  67.1  66  67.3  66.8  67  69.8  69  71.7  71.1  69.2  71.3  69.2  65.6  65.4  67.6  66.2  65.1  65.2  64.9  62.7  61.6  65.7  64  62.1  64  60.2  58.2  58  58.3  60.5  58.6  59.7  61.9  59.7  61.4  60.6  62.8  67.9  71.7  74.2  74.8  74  76.7  80  80.8  80.2  75.6  72.5  73.6  75.8  72.5  71.4  65.7  62.9  64.3 
 -52.7  -55  -48.5  9.22  70.8  68.8  70.1  76.5  74  74  75.6  71.8  71.2  67.1  64.9  65.7  64.9  65.7  64.7  63.8  63  60.9  63.1  66.6  68.5  68  66.6  69.3  69.1  69.6  72.3  71.8  73.4  71.8  72.1  72  71  65.7  68  70.2  69.9  68.8  70.2  69.1  68.3  65.9  71.3  68  66.1  66.6  61.4  57  57.6  57.6  61.4  60.9  61.2  63.6  63.1  66.1  67.5  70  74.9  75.9  75.9  77.6  76.5  77.8  80  78.7  77.1  72.7  71  73.2  75.7  73.8  73.8  70.5  67.7  69.1 
 -46.2  -50.1  -46.2  12.8  73.1  70.9  71.1  77.4  75  73.9  76.9  72.8  71.4  69.7  68.6  69.8  69  69.5  68.4  68.9  68.1  65.9  68.4  72  72.2  71.4  71.4  74.1  71.1  73  74.4  72.5  72.8  71.4  69.2  68.1  67  64.3  66.5  71.2  70.9  70.1  72.9  73.2  72.3  71.2  75.6  73.4  70.1  70.9  65.7  61  62.9  64.3  66.5  66  66.5  68.7  67.9  70.9  73.6  75  78.3  79.9  79.9  81.6  81  83.5  85.7  82.9  81  77.2  75.3  77.7  78.6  77.8  77  74.8  73.4  74.8 
 -47.2  -50.7  -49.5  9.59  68.9  68.4  67.8  73.8  71.4  71.7  75.5  73  71.7  71.1  69.7  69.2  70.9  73  70.6  69.7  69.7  68.6  71.1  73.6  75.2  73.2  71.6  75.4  71.3  72.4  72.7  72.2  72.2  71.1  70  69.2  69.7  69.4  72.8  76.1  75.8  76.1  78.6  78.1  75.9  73.4  76.7  73.1  72.6  72  67.3  62.9  65.6  68.1  70.3  68.4  68.9  68.4  67.6  70  72.2  73.9  76.1  76.3  77.4  79.1  78.8  81.5  82.6  81.5  76.9  74.4  74.9  76.3  76.8  77.1  74.7  75  71.1  73.6 
 -41.3  -44.5  -43.3  15.8  75  73  70.3  77.1  74.4  72.2  76.1  75  73.6  73.6  71.1  72.8  72.3  73.6  72.2  71.7  71.7  71.9  73  76.6  77.1  77.7  75.7  79.3  76  75.7  74.4  74.7  74.7  72.5  70.3  69.8  71.7  70  73.4  76.9  78  78.3  81.7  80.8  77  74.8  79.7  76.1  75.3  74.7  71.2  66.7  69.7  72.5  72.2  70  71.7  71.7  68.7  68.7  71.1  72.8  75.8  75.8  74.7  75  73.3  76.9  79.4  77.2  70.8  68.9  70.8  73.3  74.1  76.9  76.1  77.5  75  80.3 
 -37.5  -40.7  -42  15.8  75.1  73.4  70.6  76.7  72.8  70.9  76.2  76.2  77.3  76.2  72.3  73.7  72.6  75.7  72.9  71.2  71.2  70.4  72.6  76.2  76.7  77.8  75.8  81.6  78  78.9  77.5  79.1  79.1  77.5  75  75.6  77.5  77  78.9  82.8  83.9  84.2  87  86.1  80.9  76.2  79  75.6  74.5  71.5  68.2  65.2  68.5  71.2  73.7  72.9  73.4  72.1  70.1  69.6  72.3  72.3  74  71.5  70.4  71.5  71.2  74.8  76.4  73.9  70.1  69.5  72.6  73.4  74.5  77.5  77.8  80.3  77.8  81.7 
 -36.2  -40.9  -42.5  14.3  73.6  71.3  69.9  76.3  72.4  71.3  78  78.3  81.8  80.8  78.6  78.6  76.9  78.9  76.4  73.6  73.6  72.5  75  76.9  77.7  79.1  79.6  85.1  81.5  81.8  80.6  82  82.3  80.4  79  78.2  77.7  77.9  80.5  84.3  85.4  85.7  89.9  88  82.7  79.4  82.4  77.7  76.3  73.3  70  66.9  70.5  74.7  77.2  74.9  76.6  74.4  72.5  71.9  73.3  71.9  72.5  70  71.4  71.4  70.8  74.4  76  73.8  71.3  69.4  72.5  72.2  73.3  75.2  75.8  78.3  75.5  79.1 
 -37.4  -39.6  -41.5  13.9  72.1  70.2  69.1  75.7  72.1  71.8  76.8  78.5  83.4  84.5  83.4  83.4  82.9  83.4  79.6  77.1  75.7  74.6  74.6  75.7  76.8  75.4  75.9  82  78.4  79  77.6  79.2  79.2  78.4  78.7  79  77.9  79.5  82.1  85.9  88.4  87.6  91.5  87.9  81.5  78.5  80.2  76.6  75.4  72.1  68.5  63  66.9  71  72.4  70.2  73  70.8  69.1  69.7  72.4  72.4  73  70.2  70.2  69.1  68.8  72.1  73.8  71.6  68.8  68  72.4  72.4  72.4  72.7  73  75.4  72.7  77.4 
 -38.8  -39.9  -41.5  13.9  73.5  71.8  69.6  73.5  69.6  72.1  76  79.8  85.1  86.2  86.2  87.6  88.1  89.8  83.4  80.7  77.1  77.1  75.7  75.7  76.8  75.4  73.7  81.2  77.6  79.2  77.9  79.5  79.2  75.9  76.2  78.7  75.9  80.1  82.6  85.1  87.6  87  90.6  88.7  82.6  79.6  80.5  77.9  76.8  72.1  69.9  66  68.5  71.3  74.1  73  74.9  72.7  72.5  71.6  74.1  73  73.2  70.2  68.8  67.1  66.8  70.2  70.4  68.2  67.7  67.1  70.4  69.3  69.6  69.9  69.9  74.9  73.5  77.4 
 -39.2  -40.6  -42.3  12.9  72.4  71  69.9  71.3  67.2  68.6  72.7  76.6  83.5  84.3  85.7  88.5  89.8  91.8  85.4  82.6  77.7  76.3  75.2  75.2  75.5  74.7  74.4  81.8  76.9  80.2  79.1  80.4  79.9  77.4  77.4  77.1  75.7  82.3  84.6  87.1  89.8  89.6  90.7  88.8  85.2  83  82.7  78.8  77.4  71.6  69.1  68  70.5  72.2  73.9  72.8  75.8  72.2  73.3  72.8  73.9  71.7  73  70  68.3  65.8  66.9  69.9  68.6  66.3  65.5  63.9  68.6  67.7  69.1  70.8  70.5  74.4  74.4  79.6 
 -35.6  -37  -41.2  15.2  74.7  73.6  73.9  74.2  70.1  70.1  73.9  80.3  85.5  87.5  88.6  89.9  90.2  91.9  86.9  83.3  77  75.9  74  74.3  74.5  75.9  74.8  80.9  76.7  80  80  79.7  77.5  73.7  72.6  74.5  73.4  81.4  82.2  82.5  85.6  85.3  87.8  85.6  79.5  77  75.7  73.4  71.8  67.1  66  66  69  72.1  72.3  71  73.7  70.1  71  71.8  72.1  69.3  70.9  69.3  67.9  65.4  69  70.9  68.2  65.7  63.7  60.4  64.8  64  65.4  66  67.1  70.9  72  78.6 
 -38.2  -39.7  -42.5  13.9  74.7  73.9  74.4  75.8  70.3  71.4  75.5  80.5  84.4  85.2  86  87.1  87.6  89.3  85.7  81.9  75.5  75.5  73  73.3  75  76.7  76.7  81.3  78.3  82.7  84  84.3  82.4  78.5  78.3  80.5  79.4  86.5  86  84.9  87.4  87.1  88.2  86.3  80  77.2  75.6  73.6  71.1  65.3  65.1  66.4  68.1  71.1  72  72  74.5  72  75.3  75  73.9  69.8  70.3  67  64.2  60.7  64  63.7  62.3  60.9  61.5  59  64.7  63.6  66.7  66.1  68.3  70.8  69.4  75.2 
 -38.5  -41.7  -42.1  14.2  75  72.5  72.8  74.2  69.7  68.3  73.9  77.4  81.3  82.4  83.8  85.2  84.6  84.9  83.8  78.8  73.1  72  69.2  70.6  72  73.7  75  78.6  76.6  79.4  80.5  79.4  77.2  73.6  74.7  77.1  76  83.5  82.9  84.6  87.1  84.6  85.5  83  77.5  74.7  72.8  72.2  67  62.5  62  63.4  64.2  66.2  68.1  69.2  70.3  70.6  73.6  73.6  72.8  69.5  71.1  68.1  64.2  62  65  65  65.8  64.2  65  61.4  66.1  66.4  69.4  67.8  71.3  72.7  71.6  76.3 
 -42.4  -45.5  -45.9  10.5  71.2  69  70.4  72  66.8  68.2  72.3  75.6  79.5  79.2  80.6  82.2  82.7  83.8  81.4  76.4  70.6  69  69  70.4  71.5  71.7  74.5  78.3  77.7  80.8  82.4  80.2  78  74.4  74.2  75.5  74.1  80.5  78.6  78.6  79.7  77.3  78.4  78.6  73.1  70.4  68.2  67.9  64.3  59.9  58.2  59.6  59.1  61  64.4  67.1  69.6  69.3  74.8  76.9  75.6  72.2  73.8  69.4  66.4  64.2  68.6  67.2  66.9  65.6  67.8  63.9  68.9  68  70.8  68.1  71.3  71.6  70.5  73.6 
 -46.3  -48.1  -47.1  9.19  68.3  65.6  67.2  69.7  65.5  66.6  69.4  71  75.1  76.2  77.9  79.6  80.6  79  79.3  73  67.5  64.5  64.5  66.1  67.2  67.2  71  73.8  75.7  77.6  80.3  77.8  74.3  70.4  70.2  71.8  70.1  75.7  73.8  73.7  75.1  75.2  76.5  75.4  70  68.3  65.8  66.6  64.4  60  55.6  57  57.6  59.5  61.8  63.1  65.6  63.9  70.8  74.3  72.7  70.7  73.7  69.3  67.7  65.4  68.7  67.4  68.4  68.7  68.8  63.5  68.7  69  71.8  69.8  72  69.6  67.1  71.5 
 -49.3  -51.1  -51  6.55  64.4  63.3  63.9  66  64.6  64.6  67.1  69.5  70.9  72.8  74.1  74.7  75  73.1  73.1  68.2  63  60.3  60.2  61.9  64.1  65.4  67.8  72.2  74.1  75  77.4  73.9  70.6  67  66.5  68.1  67.5  72  71.1  71.1  73.6  73.1  74.1  73  68.1  66.5  62.9  65.1  64.6  59.4  56.4  57.7  56.9  58.3  59.2  62.7  63.8  61.6  69.5  72.3  71.7  71.1  74.1  69.5  67  65.8  69.4  66.7  67.8  65.6  64.2  59.3  64.8  63.4  66.2  65.6  67.8  66.2  65.1  69.5 
 -49.2  -53.5  -53.4  3.98  63  60.8  61.4  62.2  60.5  60.8  63.5  64.6  67.3  68.1  70.8  72.2  73.5  73.3  73  69.2  65.4  61.3  62  63.1  65.6  67.2  68  71  74  73.5  74.9  71.6  68.9  65.3  64.7  67  66.7  69.7  68.9  68.9  69.7  68.9  68.9  67.9  63.8  64.6  62.4  64.6  63.7  59.9  56.9  59.4  58.6  57.5  58.1  60.8  61.9  62.1  67.6  69.2  67.3  66.4  70.8  65  62.3  62.6  63.7  62.3  64.7  65.3  64.5  58.5  62.9  62.9  64.3  66.4  68.6  65.6  63.2  67.3 
 -51.7  -56  -57.3  0.943  59.5  59.5  60.8  64.3  64  64.3  68.4  68.3  69.7  70.5  72.4  72.6  71.6  70.5  71.3  67.2  65.5  60.4  60.4  59.9  61  63.7  65.3  67.2  70.4  69.1  70.5  69.4  68  66.9  66.6  66.6  67.7  69.4  68  69.4  69.1  68.3  68.3  66.7  63.7  64.2  60.7  63.1  60.9  57.2  52.8  53.9  52  52.4  51.5  54.3  55.1  56.7  60.8  64.9  64.6  66.1  69.1  63.7  62.3  61.7  63.1  63.3  66  65.2  63.3  57.6  62  63.1  65.6  67.5  68.3  64.3  60.5  64.4 
 -53.6  -57.7  -60.4  -3.43  54.8  54.8  55.4  61.3  61  62.6  66.4  66.7  67.7  68.8  70.7  69.6  67.8  66.4  66.9  61.8  62.6  58.8  57.5  55.6  56.4  58.9  59.4  61.6  67  64.3  64.3  64.3  64.2  64.7  65.8  68.2  68  68.5  67.2  68.5  68  67.2  68.3  65.3  61.2  60.7  55.8  59.6  58.8  55.4  51  50.7  50.2  50.2  49.1  52.9  52.3  55.3  59.3  63.1  62.9  64.1  67.4  63.3  62.4  63  63  63  66  65.1  62.2  56.5  59.6  61.5  62.6  64.5  65.6  62.7  57.6  61.4 
 -58.8  -62.6  -64.2  -7.79  49.9  49.6  51.5  56.1  54.8  56.9  59.7  58.8  60.4  60.7  64  62.6  63.2  62.1  61  58  59.9  56.9  56.4  54.3  55.6  57  59.9  63.4  66.7  62.9  62.1  63.5  63.7  65.3  66.4  66.4  65.9  67.8  67.8  70.2  69.6  70.2  69.6  67  65  65  58.8  61.2  59.1  53.5  47.8  46.8  46  46.3  45  50.1  49.5  53.5  58.9  62.6  63.4  63.7  64.2  61.4  61.4  63.3  62.2  63  67.1  66.3  65.5  62.2  62.9  64  63.7  65.6  64.6  59.2  54.1  56.5 
 -59.7  -62.2  -65.2  -9.08  48  49.1  50.9  54.4  54.5  55.3  55.3  56.9  58.6  59.1  62.4  59.7  59.7  57.6  55.2  53.5  54.3  50.3  50  47.9  49.3  50.9  52.8  57.3  60.5  57  57.3  57  55.9  58.8  59.9  61  60.5  61  59.7  62.4  62.1  62.6  61.8  59.2  58.3  58.6  52.7  55.1  53.8  50.3  45  43.9  43.1  42  39.4  45.2  44.7  47.9  52.4  57.3  58  59.7  60.5  60.4  62  65  63.7  64.2  68.2  67.7  65.8  61.5  59.8  59.5  57.9  60.9  58.5  53.1  49.3  51.2 
 -61.9  -61.7  -65.8  -9.98  47.9  49.2  51.1  54.3  51.9  53.8  52.8  54.4  56.2  55.7  58.9  57.4  56.3  56.6  54.2  53.6  54.4  50.1  49.9  46.5  46.8  48.4  47.9  52.4  54.4  50.9  51.1  51.9  52.4  56.1  55.8  57.9  57.1  56.3  56.3  57.6  56.3  57.6  56.1  54.7  53.8  54.4  49.5  51.7  52.8  48.2  43.1  43.4  43.9  42.8  39.2  45.3  43.7  45.5  51.2  56  56.5  57  57.9  58.8  60.4  63.1  62.3  62.5  65.5  65  64.2  61.2  58.1  57.6  56.5  58.2  55.8  49.1  46.7  48.6 
 -62.7  -61.8  -64.8  -9.42  48.1  50.5  52.3  55.8  54.8  54.1  53  53.6  55.5  56  58  54  51.7  50.6  50.8  50.2  51  46.8  45.2  41.7  43.6  46.5  46.2  48.1  49  46.6  45.5  45.2  44.7  49.5  49.3  50.8  51.6  51.9  52.9  55.6  55.6  57.7  54.8  52.1  51.6  51.8  47  48.1  49.1  45.6  40.8  41.1  41.6  40.5  35.6  40.6  39  41.1  45.6  49.3  50.1  50.6  51.5  54.8  56.7  58  57.2  56.5  60.7  61  60.2  56.2  50.8  49.7  49.6  50.8  49.7  43.8  40  43.2 
 -65.1  -63.9  -68  -12.9  45.5  47.2  47.8  50.2  48.2  48.4  46.1  48  49.8  50.1  53  50.1  47.4  47.7  46.6  48.6  50.5  47.6  44.7  39.9  40.8  43.7  43.6  44.5  44  41.8  39.5  39.8  40.6  45.4  46.4  46.5  48.5  47.5  47.3  48.6  48.4  50.4  48.5  45.8  47.7  47.9  45.5  46.8  49.1  46.7  43  43.2  44  41.9  35.6  40.7  38.8  41  44.2  46.8  46.6  45.8  46.3  51  51.5  53.1  52.3  51.5  55.7  55.7  56  52.3  45.5  43.7  44.7  46.1  45  40.4  37  39.8 
 -64.9  -65.1  -68.1  -14.8  44.6  43.9  42.9  45.3  41.9  44.5  42.2  42.9  47.1  46.1  50.2  48.7  47.4  47.9  45.8  48.1  48.4  44.5  41.6  35.9  35.3  35.6  35.6  36.1  35.6  35.8  34.8  36.1  36.7  42.7  45.3  45.3  46.3  44.1  42.8  43.8  42.8  46.1  42.9  39  40.3  41.8  41.7  43  43  41.4  37.9  38.2  41.3  39.7  33.5  37.4  34.6  38.3  41.5  42.6  42.6  41.6  42.1  45.8  44.8  47.6  46.6  45.8  50.1  52.1  52.4  49.5  42.5  43  44  45.3  44.2  41.2  36.8  39.8 
 -69.7  -68.8  -71.9  -17.7  40  39.1  39.1  42.5  40.1  43.7  41.3  42.1  44.9  43.9  46.7  44.1  41.7  42  40.4  42.5  42.8  37.6  36.2  32  31.2  32.6  31.8  33.1  31.9  33.4  34.9  35.7  34.8  39.8  40.1  39.8  41.1  38.5  36  35.8  35.3  39.9  39.3  36.8  39.6  39.8  39.7  42  43.2  41.3  37.9  38.2  41.2  40.8  34.5  38.2  33.3  36  39.2  41.3  41.3  39.3  38.7  43.4  43.8  47.6  46.4  45.6  48.4  47.9  47.9  44.9  37.8  36  38.3  39.2  38.4  35.8  32.7  36 
 -70.1  -71.6  -73.1  -19.4  38  36.3  36.6  39.9  37.8  39.1  37.7  37.2  40  39  41.3  38.6  37.6  36.4  35.1  37.1  37.4  32.3  30.7  27.8  28.1  27.2  26.7  27.8  26.4  27.7  30.5  31.5  29.7  32.7  33.6  34.4  36.7  34.2  30.9  29.4  28.6  33.3  33.7  30.4  33.2  33.6  34.6  37.9  40.4  39.8  37.2  36.5  40.6  40.1  33.9  37.9  33.2  34.6  36.6  36.7  37.7  34.5  34  37.7  35.5  39.1  36.6  34.4  37  35.2  36.2  31.9  26.9  25.4  27.9  30.2  31.6  30  28.2  31.6 
 -73.4  -75.4  -76  -21.4  34.2  32.5  32.5  33.7  33.1  34.1  31.7  31.5  33.1  33.3  35.6  33.3  33.3  30.8  29.7  34.3  33.3  28.2  27.9  26.1  26.4  25.2  27  26.6  24.2  25.2  29.2  29.2  26.3  28  29.2  28.7  31  27.2  25.5  24  22  26.4  28  25.8  27.6  30.4  32.4  33.1  35.6  37.1  33.8  31.8  34.6  35.4  29.4  32.3  29.2  29.2  30.1  30.2  32.7  29.8  29.3  30.7  29.5  31.9  29.3  27.2  29.8  27.5  29.8  26.5  22.6  20.1  23.6  24.6  26.1  25.4  25  25.8 
 -77.9  -79.9  -79.3  -25.3  28.8  27.1  26.7  28  28.5  29.2  27.9  27.7  29.2  30.5  31.7  29.9  29.8  27.3  27.3  29.9  28.9  22.9  22.5  20.7  20.5  19.3  18.5  16.8  16.4  17.5  21.3  20.2  19.4  21.3  22.5  24.6  27.4  22.5  20.5  20.2  19.2  22.2  22.9  19.5  19  21.2  24.3  24.1  26.7  28.3  25.3  25.4  29.4  31.1  26.4  28.2  27.6  27.9  28.4  28.4  28.6  25.8  26.6  26.7  24.5  24.4  20.6  17.8  19.5  19.5  20.7  15.2  12.5  11  15.5  16.2  18.8  19.1  17.7  19.7 
 -84.9  -86.8  -83.9  -31.5  22.2  19.2  18.6  19.9  21.5  21.3  21.3  20.3  24.1  24.8  27.3  27  26.2  23.6  24.9  25  25  17.8  17.5  14.7  13.3  11.8  12.3  9.47  10.3  8.92  12.8  13.3  13.6  15.3  18  17.5  21.5  18  18.2  17.4  16.1  20.4  20.1  15.2  16  18  19.9  19.9  23  23.5  20.6  20.6  25.9  26.6  23  24.7  24.1  22.8  22.2  20.9  21.2  18.4  20.2  19.3  15.8  15.5  13.2  11.7  13.2  14.1  14.2  9.65  7.12  7.02  10.5  11.1  13.6  14  12.3  14.5 
 -86.6  -88.8  -86  -34.2  18  14.7  13.9  15.2  18.1  17.9  17.9  15.9  18.4  20.1  22.3  22.3  22.7  17.6  17.7  16.9  17.8  13  12.8  11.6  8.99  6.34  9.03  6.25  8.41  8.3  11.9  12.6  10.4  11.1  13.8  12  16  13.6  11.4  9.63  9.38  13.9  15.6  9.7  10.9  11.7  12.6  13.8  16.9  16.2  13  12  16.9  17.6  15.3  15.9  15.4  13.2  12.4  11.2  11.7  8.93  10.7  8.51  6.24  4.83  3.46  1.96  4.67  5.6  6.57  0.592  -0.642  -1.91  2.28  3.85  6.63  8.35  6.32  8.85 
 -93.5  -95.5  -93.8  -42.9  8.78  6.43  5.6  5.51  9.09  11.3  11.6  10.7  13.2  13.6  17.4  18.4  21.3  16.7  15.2  14.1  15  10.8  11.5  8.12  3.07  -2.02  -0.751  -2.24  0.154  -0.984  3.44  4.23  3.93  5.58  10.7  9.2  11  8.39  6.11  4.37  5.28  7.85  9.59  3.65  5.91  6.73  7.81  10.3  12.3  10.4  9.32  8.31  12.1  13.8  13.9  13  11.2  9.05  7.09  5.85  6.34  4.51  5.27  0.876  -1.39  -2.67  -4.03  -4.25  -3.98  -2.79  -1.81  -7.69  -7.89  -7.74  -4.58  -2.98  -1.5  1.65  -0.142  0.441 
 -98.7  -101  -98.1  -46.9  3.71  1.48  1.93  2.98  7.57  8.79  11.2  9.05  9.37  9.21  12.8  12.8  15.7  11.1  9.86  7.51  8.64  5.53  7.16  3.89  -0.134  -5.46  -5.47  -5.94  -4.19  -6.72  -2.15  -1.63  -0.786  1.09  4.95  3.81  3.43  2.76  2.67  1.84  2.75  4.03  4.53  -0.135  2.24  3.06  2.22  2.53  3.46  2.03  1.26  0.248  3  4.53  5.68  4.8  5.42  4.3  1.21  -0.266  1.24  0.456  0.201  -4.19  -5.32  -9.01  -10.1  -10.4  -10.4  -10.2  -10.1  -13.8  -12.9  -11.7  -7.44  -8.25  -5.87  -2.72  -4.4  -3.93 
 -105  -106  -103  -51.9  -2.33  -3.55  -1.61  -0.455  4.14  4.13  5.53  4.49  3.57  3.67  5.99  4.89  7.52  2.92  2.69  -1.04  1.37  -0.732  0.892  -1.1  -4.25  -8.53  -9.65  -12  -10.3  -13.8  -10.3  -9.76  -7.8  -8.08  -6.37  -7.51  -6.88  -5.4  -5.75  -7.44  -7.67  -7.62  -5.86  -8.14  -5.5  -4.84  -6.95  -7.76  -5.81  -6.98  -7.79  -7.91  -6.66  -4.5  -3.35  -4.23  -1.45  -3.84  -6.05  -6.26  -5.64  -7.05  -8.19  -11.3  -11.2  -15.9  -14.7  -14.9  -16  -16.8  -15.9  -18.2  -18.4  -18  -14.8  -18  -16.5  -13.8  -14.4  -14 
 -110  -111  -109  -57.9  -8.15  -7.03  -7.17  -7.88  -4.07  -5.07  -3.67  -3.59  -4.51  -4.41  -3.18  -4.28  -0.777  -6.47  -8.05  -11.5  -9.15  -9.99  -9.62  -11.8  -13.8  -17.9  -16.9  -18.2  -15.8  -20.4  -19.3  -18.5  -15.5  -15  -12.3  -13.7  -13.3  -11.5  -9.55  -9.98  -10.5  -10.2  -10.6  -12.8  -11.5  -11.7  -14.6  -16.7  -15.1  -16.9  -17.9  -17  -16.8  -15.5  -13.2  -14.1  -10.1  -13.4  -13.5  -15.6  -14.9  -15.3  -16.4  -19.3  -19.2  -25.4  -22.9  -25.2  -25.4  -25  -25.1  -25.3  -25.8  -23.3  -19.9  -23.2  -22  -18  -18.9  -17.6 
 -117  -118  -116  -66.4  -17.7  -16.6  -15.7  -16.6  -13  -14.1  -13.1  -11.8  -13.7  -13.9  -12.6  -15  -11.7  -17.2  -17.8  -21.8  -20.4  -20.3  -18.7  -21.7  -22.6  -25.5  -23.4  -24.9  -21.7  -25.3  -25.3  -26.7  -23.1  -21.4  -20.5  -22.1  -22.5  -21.5  -18.8  -19  -18.4  -17.9  -19.4  -19.7  -20.4  -21.6  -23.8  -27.6  -25.3  -28.1  -28.9  -26.7  -26.6  -25.3  -21.9  -22.9  -18.3  -21.4  -19.2  -20.5  -22.2  -22.5  -22.3  -25.3  -25  -29.7  -27.2  -29.5  -29.8  -27.2  -28.6  -27.8  -29.2  -26.7  -24.8  -28.1  -28.1  -25.9  -27.7  -26.1 
 -127  -129  -129  -80.7  -32.8  -31.8  -30.8  -30.8  -28.4  -29.5  -27.5  -26.5  -27.2  -28.6  -27.5  -29  -26.9  -31.2  -31.7  -37  -35.6  -35.5  -33.9  -36.6  -37.6  -40.2  -39.4  -39.6  -36.4  -39.7  -41  -42.3  -38.7  -37  -36.4  -37.7  -38.1  -36  -33.5  -33.7  -31.8  -31.3  -34.1  -34.1  -33.8  -36.1  -38.2  -40.8  -38.5  -42.3  -42.1  -38.7  -38.6  -38.5  -35.4  -36.3  -33  -36  -34.1  -35.4  -38.3  -38.6  -38.5  -40.2  -41.1  -44.7  -42.1  -44.2  -44.4  -41.7  -43.3  -42.5  -43.9  -40.2  -39.2  -41.3  -41.3  -40.1  -41.8  -39.1 
 -138  -140  -141  -94.6  -47.7  -46.6  -46.6  -45.6  -43.3  -44.3  -42.4  -41.5  -42.5  -43.9  -42.9  -44.5  -43.5  -47.7  -48  -52.3  -50.7  -49.3  -48.7  -51.5  -52.2  -54.7  -52.7  -53  -50.7  -53.1  -54.4  -54.7  -52.1  -50.7  -50  -52.6  -53.2  -51.3  -49.8  -51.1  -50.3  -49.8  -51.4  -50.4  -48.9  -50.9  -52.8  -54.4  -50.9  -53.8  -52.6  -50.2  -51.2  -52.4  -49.3  -50.4  -48.3  -52.6  -51.6  -54.1  -56.1  -55.2  -55  -56.8  -56.5  -58.8  -55.1  -56.1  -55.2  -53.4  -55  -53  -54.4  -51.9  -51.9  -54  -53.9  -52.8  -54.5  -53 
 -149  -151  -153  -108  -63.3  -62.2  -62.2  -61.2  -60.1  -60.2  -58.2  -57.6  -59.8  -60.9  -60.9  -62.8  -60.7  -63.8  -64.1  -67.2  -65.6  -63.1  -62.4  -64.2  -63.7  -66.3  -65.5  -65.7  -64.5  -65.6  -68.1  -68.7  -66.1  -65.8  -66.4  -67.7  -69.6  -67.9  -67.3  -68.4  -67.3  -68  -68.4  -66.2  -65.7  -67.5  -68.1  -70.1  -66.7  -69.6  -68.5  -66  -68.3  -68.5  -65.4  -67.5  -65.3  -68.4  -66.5  -67.8  -69.8  -68.9  -68.7  -70.7  -69.5  -71.5  -69  -70.1  -70.3  -69.5  -69.9  -68.8  -69  -67.7  -66.8  -68.6  -68.6  -67.2  -68.9  -67.4 
 -164  -167  -169  -125  -81.5  -80.2  -80  -78.7  -77.6  -77.7  -75.7  -74.2  -76.4  -78.7  -78.6  -80.8  -79  -80.9  -80.9  -83.1  -82.7  -81.3  -79.5  -81.5  -79.8  -81.2  -81.4  -81.6  -80.3  -81.5  -83.7  -85.5  -81.7  -81.4  -82  -83.4  -85.2  -84.7  -82.9  -83.1  -82  -82.7  -84  -81.9  -81.6  -82.4  -83.1  -85.9  -83.5  -85.3  -84.1  -81.9  -84.1  -84.3  -81.3  -82.2  -79.1  -81.3  -80.3  -81.6  -83.5  -82.7  -82.5  -84.5  -84.4  -86.5  -85.1  -86.2  -87.6  -86.8  -88.1  -85.9  -86.1  -83.6  -83.6  -85.2  -85.4  -84  -85.7  -84.4 
 -177  -180  -182  -141  -99.8  -99.4  -99.2  -96.8  -96.6  -97.8  -96.1  -94.4  -96.5  -97.7  -97.8  -100  -99.4  -102  -101  -103  -103  -102  -101  -102  -98.8  -99.1  -98  -98.3  -97.3  -98.4  -100  -101  -98.4  -99  -101  -102  -103  -102  -101  -101  -101  -101  -102  -99.7  -99.4  -100  -101  -104  -102  -104  -104  -101  -102  -104  -102  -101  -98.3  -100  -98.6  -99.9  -102  -102  -102  -103  -102  -103  -102  -103  -103  -103  -104  -101  -101  -99.6  -99.6  -101  -101  -101  -103  -101 
 -192  -195  -198  -159  -120  -119  -119  -117  -117  -118  -118  -116  -117  -117  -118  -121  -120  -122  -122  -124  -124  -124  -124  -124  -121  -121  -120  -120  -118  -118  -119  -120  -118  -119  -121  -121  -121  -121  -120  -121  -121  -121  -122  -120  -121  -122  -122  -124  -122  -124  -124  -121  -123  -123  -121  -121  -119  -121  -118  -119  -121  -120  -120  -121  -122  -122  -121  -122  -122  -121  -122  -120  -121  -120  -121  -121  -122  -122  -123  -122 
 -208  -212  -215  -179  -143  -142  -142  -141  -141  -142  -141  -141  -142  -142  -143  -144  -144  -146  -146  -147  -146  -146  -146  -146  -144  -144  -142  -141  -139  -139  -140  -141  -141  -141  -141  -142  -142  -143  -142  -142  -141  -141  -142  -141  -141  -143  -143  -144  -143  -144  -144  -143  -144  -145  -143  -143  -142  -144  -142  -143  -144  -143  -142  -142  -144  -144  -144  -145  -144  -143  -144  -143  -144  -143  -143  -142  -142  -142  -144  -142 
 -228  -233  -236  -203  -171  -171  -170  -169  -169  -170  -169  -169  -170  -170  -170  -171  -172  -173  -172  -172  -172  -172  -172  -173  -172  -172  -171  -172  -170  -169  -169  -170  -169  -169  -170  -170  -170  -171  -171  -171  -170  -170  -170  -169  -170  -171  -170  -171  -170  -171  -171  -171  -171  -171  -170  -170  -169  -170  -169  -169  -170  -170  -169  -170  -171  -171  -171  -171  -171  -170  -170  -170  -170  -170  -170  -170  -171  -172  -172  -172 
 -248  -252  -255  -226  -197  -197  -197  -197  -197  -197  -197  -197  -197  -197  -197  -197  -197  -197  -197  -197  -197  -197  -197  -197  -197  -197  -197  -197  -197  -197  -197  -197  -197  -197  -197  -197  -197  -197  -197  -197  -197  -197  -197  -197  -197  -197  -197  -197  -197  -197  -197  -197  -197  -197  -197  -197  -197  -197  -197  -197  -197  -197  -197  -197  -197  -197  -197  -197  -197  -197  -197  -197  -197  -197  -197  -197  -197  -197  -197  -197 
 -263  -267  -271  -244  -217  -217  -217  -217  -217  -217  -217  -217  -217  -217  -217  -217  -217  -217  -217  -217  -217  -217  -217  -217  -217  -217  -217  -217  -217  -217  -217  -217  -217  -217  -217  -217  -217  -217  -217  -217  -217  -217  -217  -217  -217  -217  -217  -217  -217  -217  -217  -217  -217  -217  -217  -217  -217  -217  -217  -217  -217  -217  -217  -217  -217  -217  -217  -217  -217  -217  -217  -217  -217  -217  -217  -217  -217  -217  -217  -217 
 -277  -281  -285  -260  -235  -235  -235  -235  -235  -235  -235  -235  -235  -235  -235  -235  -235  -235  -235  -235  -235  -235  -235  -235  -235  -235  -235  -235  -235  -235  -235  -235  -235  -235  -235  -235  -235  -235  -235  -235  -235  -235  -235  -235  -235  -235  -235  -235  -235  -235  -235  -235  -235  -235  -235  -235  -235  -235  -235  -235  -235  -235  -235  -235  -235  -235  -235  -235  -235  -235  -235  -235  -235  -235  -235  -235  -235  -235  -235  -235 
 -289  -293  -298  -275  -252  -252  -252  -252  -252  -252  -252  -252  -252  -252  -252  -252  -252  -252  -252  -252  -252  -252  -252  -252  -252  -252  -252  -252  -252  -252  -252  -252  -252  -252  -252  -252  -252  -252  -252  -252  -252  -252  -252  -252  -252  -252  -252  -252  -252  -252  -252  -252  -252  -252  -252  -252  -252  -252  -252  -252  -252  -252  -252  -252  -252  -252  -252  -252  -252  -252  -252  -252  -252  -252  -252  -252  -252  -252  -252  -252 
