 -327  -316  -305  -283  -261  -261  -261  -261  -261  -261  -261  -261  -261  -261  -261  -261  -261  -261  -261  -261  -261  -261  -261  -261  -261  -261  -261  -261  -261  -261  -261  -261  -261  -261  -261  -261  -261  -261  -261  -261  -261  -261  -261  -261  -261  -261  -261  -261  -261  -261  -261  -261  -261  -261  -261  -261  -261  -261  -261  -261  -261  -261  -261  -261  -261  -261  -261  -261  -261  -261  -261  -261  -261  -261  -261  -261  -261  -261  -261  -261 
 -309  -300  -291  -267  -242  -242  -242  -242  -242  -242  -242  -242  -242  -242  -242  -242  -242  -242  -242  -242  -242  -242  -242  -242  -242  -242  -242  -242  -242  -242  -242  -242  -242  -242  -242  -242  -242  -242  -242  -242  -242  -242  -242  -242  -242  -242  -242  -242  -242  -242  -242  -242  -242  -242  -242  -242  -242  -242  -242  -242  -242  -242  -242  -242  -242  -242  -242  -242  -242  -242  -242  -242  -242  -242  -242  -242  -242  -242  -242  -242 
 -291  -283  -275  -249  -223  -223  -223  -223  -223  -223  -223  -223  -223  -223  -223  -223  -223  -223  -223  -223  -223  -223  -223  -223  -223  -223  -223  -223  -223  -223  -223  -223  -223  -223  -223  -223  -223  -223  -223  -223  -223  -223  -223  -223  -223  -223  -223  -223  -223  -223  -223  -223  -223  -223  -223  -223  -223  -223  -223  -223  -223  -223  -223  -223  -223  -223  -223  -223  -223  -223  -223  -223  -223  -223  -223  -223  -223  -223  -223  -223 
 -271  -265  -259  -230  -202  -202  -202  -202  -202  -202  -202  -202  -202  -202  -202  -202  -202  -202  -202  -202  -202  -202  -202  -202  -202  -202  -202  -202  -202  -202  -202  -202  -202  -202  -202  -202  -202  -202  -202  -202  -202  -202  -202  -202  -202  -202  -202  -202  -202  -202  -202  -202  -202  -202  -202  -202  -202  -202  -202  -202  -202  -202  -202  -202  -202  -202  -202  -202  -202  -202  -202  -202  -202  -202  -202  -202  -202  -202  -202  -202 
 -250  -246  -242  -210  -179  -179  -179  -179  -179  -179  -179  -179  -179  -179  -179  -179  -179  -179  -179  -179  -179  -179  -179  -179  -179  -179  -179  -179  -179  -179  -179  -179  -179  -179  -179  -179  -179  -179  -179  -179  -179  -179  -179  -179  -179  -179  -179  -179  -179  -179  -179  -179  -179  -179  -179  -179  -179  -179  -179  -179  -179  -179  -179  -179  -179  -179  -179  -179  -179  -179  -179  -179  -179  -179  -179  -179  -179  -179  -179  -179 
 -225  -221  -217  -184  -149  -149  -149  -149  -149  -149  -149  -149  -149  -149  -150  -150  -150  -150  -150  -150  -150  -150  -150  -149  -149  -150  -149  -149  -149  -150  -149  -149  -150  -150  -150  -151  -152  -152  -152  -152  -151  -151  -152  -152  -151  -150  -151  -151  -151  -152  -152  -151  -152  -152  -153  -153  -152  -152  -152  -151  -151  -150  -151  -151  -150  -150  -150  -149  -150  -151  -151  -151  -150  -150  -149  -150  -151  -150  -149  -150 
 -206  -204  -200  -164  -127  -129  -127  -128  -127  -128  -127  -127  -127  -126  -126  -126  -127  -127  -127  -127  -128  -128  -128  -128  -129  -128  -128  -127  -128  -127  -126  -126  -127  -127  -126  -127  -128  -128  -128  -128  -128  -128  -129  -130  -128  -127  -127  -128  -128  -130  -129  -128  -128  -129  -129  -129  -129  -130  -130  -129  -130  -130  -131  -131  -131  -131  -129  -127  -129  -129  -128  -128  -127  -126  -126  -127  -128  -127  -125  -128 
 -189  -187  -183  -145  -106  -107  -107  -107  -106  -108  -107  -107  -107  -105  -106  -106  -108  -109  -108  -108  -110  -110  -112  -112  -112  -111  -110  -109  -109  -108  -107  -106  -107  -106  -104  -105  -108  -109  -109  -110  -111  -110  -111  -112  -110  -109  -108  -108  -107  -107  -106  -106  -106  -107  -106  -106  -107  -108  -108  -107  -107  -108  -109  -109  -108  -107  -107  -105  -106  -107  -106  -106  -105  -105  -106  -107  -108  -107  -105  -107 
 -177  -173  -169  -129  -88.4  -89.3  -87.9  -87.2  -87.2  -88.6  -89.3  -89.3  -89.1  -86.8  -88.6  -88.7  -91.6  -92.7  -91.4  -90.7  -92  -92.2  -94.7  -93.8  -94.3  -94.1  -92  -91.1  -90.4  -91.1  -89.4  -88.2  -90.2  -88.6  -85.7  -87.5  -90.4  -91.5  -90.6  -91.5  -91.2  -89.2  -90.3  -91.2  -87.8  -86.9  -87.6  -86.9  -86  -87.1  -87.1  -88.1  -88.1  -89.7  -89.4  -88.3  -89  -90.8  -91.9  -91.1  -91.3  -92.4  -94.5  -93.3  -94.1  -93.2  -91.8  -88.2  -89.9  -89.9  -88.6  -88.6  -87.7  -87.5  -88.1  -90.6  -91.3  -90.7  -89.6  -90.9 
 -162  -160  -157  -114  -70.9  -70.7  -69  -69.5  -70.7  -73.3  -74  -74  -73.8  -72.7  -74.5  -74.8  -76.5  -77.7  -76.3  -74.4  -74.8  -75.3  -76.6  -75.7  -75.9  -75.7  -72.7  -70.9  -71.4  -72  -70  -68.9  -70.9  -69.3  -66.4  -67.9  -71.7  -71.7  -70.8  -71.9  -71.9  -69.9  -71  -71.9  -68.7  -66.7  -68.5  -67.6  -67.6  -69.7  -69.9  -71.2  -71.4  -73.9  -73.9  -71.6  -73.4  -74.3  -74.3  -74.3  -74.6  -76.7  -78.7  -77.3  -78.3  -77.4  -75.8  -72.4  -73  -73.9  -72.5  -71.6  -71.9  -71.7  -72.4  -74.9  -76.5  -76.1  -73.8  -74 
 -149  -146  -143  -98.9  -55  -55.6  -54  -53.3  -54.8  -57.3  -59  -59  -57.5  -56.5  -57.1  -58.3  -60.3  -61.2  -60.1  -57.2  -57.6  -58.3  -58.7  -58.1  -58.3  -59  -56.3  -54.4  -54.7  -55.6  -53.4  -53.2  -56.1  -53.3  -49.2  -50.7  -55.5  -55.5  -54.3  -55.5  -54.5  -52.4  -53.8  -54.9  -52.8  -49.5  -52.6  -51.6  -52.9  -54.6  -54  -56.1  -57.3  -58.6  -58.9  -55.6  -57.7  -58.6  -59.8  -59.8  -60  -61.2  -64.4  -64  -65  -63.8  -62.2  -57.9  -58.5  -59.4  -58  -55.9  -55  -54.5  -56.4  -57.7  -59.3  -58.9  -56.7  -56.5 
 -139  -135  -132  -86.6  -40.8  -41.4  -38.6  -39.1  -41.8  -43.1  -44.8  -44.8  -43.3  -42  -42.6  -44.1  -46.1  -46  -46.1  -44.2  -44.6  -45.3  -46.9  -46.3  -47.5  -48.2  -45.5  -43.6  -42.7  -43.8  -40.4  -40.2  -41.9  -37.9  -32.8  -34.3  -39.1  -39.1  -37.7  -40.1  -39.1  -38.2  -40.8  -42.9  -40.5  -37.2  -40.3  -39.6  -40.8  -41.6  -40  -42.2  -43.4  -44.7  -43.7  -41.6  -44.7  -44.4  -45.6  -45.6  -44.9  -46  -49.5  -50.3  -51.2  -48.9  -47.3  -42.7  -44.2  -46.1  -43.6  -41.4  -39.3  -37.9  -40  -41.6  -44.4  -44  -40.5  -40.4 
 -126  -123  -120  -74  -26  -26.4  -23.6  -23.1  -26  -28.6  -30.3  -30.5  -29.1  -29  -30.8  -32.3  -34  -34.9  -34.1  -32.2  -32.6  -32.1  -32.4  -30.8  -33  -34.9  -31.2  -29.4  -28.4  -29.3  -26.1  -25.9  -28.6  -24.6  -18.5  -20.1  -24.6  -23.3  -21.9  -24.3  -23.6  -22.7  -24.3  -26.2  -24.7  -21.5  -24.5  -23.9  -24.8  -25.6  -22.8  -24.9  -26.1  -27.4  -27.7  -25.6  -29  -29.9  -31  -31.4  -30.3  -31.7  -34  -33.8  -35  -33.6  -30.8  -26.2  -27.5  -30.6  -28.1  -27.2  -25.1  -24.6  -25.5  -28.3  -31.1  -31  -27.5  -27.1 
 -115  -113  -109  -62  -12  -12.2  -9.36  -8.88  -13.1  -15.9  -17.5  -17.5  -14.9  -16  -19.1  -21.5  -23.3  -23.2  -22.3  -20.4  -21.1  -20.6  -20  -18.3  -19.3  -21.2  -18.5  -16.4  -14.2  -16.1  -14.1  -13.7  -15.4  -12.6  -5.55  -6.11  -10.9  -10.9  -8.22  -10.6  -9.89  -10  -10.4  -12.2  -10.8  -7.53  -10.6  -9.9  -10.9  -11.9  -9.06  -11.5  -13.7  -14.7  -16  -12.6  -16.2  -16.1  -17.3  -16.4  -15.4  -15.8  -18  -17.8  -20.3  -19.9  -17.1  -12.3  -13.8  -16.6  -15.1  -14.4  -11.1  -9.65  -10.5  -14.3  -17.4  -17.3  -15  -13.4 
 -108  -106  -102  -54.7  -5.05  -4.95  -2.12  -2.64  -6.56  -10.4  -11.8  -11.8  -8.13  -9.28  -11.5  -15.2  -16.7  -16.9  -14.7  -13.1  -13.5  -13  -11.1  -11.9  -11.6  -11.4  -10.7  -9.92  -7.49  -8.52  -7.43  -6.73  -7.38  -5.59  0.354  1.9  -0.771  -2.01  0.915  -2.46  -2.24  -2.37  -0.836  -2.66  -2.3  -0.418  -2.59  -3.18  -2.89  -2.6  0.27  -3  -4.32  -5.17  -5.07  -0.481  -4.94  -6.33  -7.76  -6.71  -5.47  -7.76  -8.88  -8.92  -13.5  -12.1  -8.3  -4.31  -4.99  -6.96  -4.36  -4.97  -2.72  -0.499  -1.36  -5.02  -8.16  -8.89  -8.02  -5.55 
 -100  -97.4  -93.1  -43.8  7.88  8.84  10.3  8.72  3.92  1.23  -1.38  -1.14  2.28  -0.248  -3.59  -7.26  -6.89  -7.07  -4.91  -3.23  -4.04  -4.54  -2.2  -1.54  -1.02  -1.68  0.0923  -0.233  1.16  0.276  1.49  1.93  1.28  2.84  7.52  7.79  6.27  5.04  7.7  4.35  3.57  2.16  3.92  4.23  4.74  5.35  2.95  2.59  1.84  4.29  7.54  4.31  2.12  1.12  1.12  5.7  2.39  2.9  1.47  1.25  3.35  0.908  -0.207  -1.26  -5.65  -4.52  -2.8  0.0629  0.274  -2.33  0.429  1.09  4.61  6.83  6.23  4.07  0.934  1.48  2.12  5.45 
 -93.9  -93.6  -90.6  -40.8  12.5  13  15.3  14.8  9.97  7.28  6.19  6.19  9.87  5.19  3.25  -0.424  0.85  1.55  3.85  5.16  6.51  6.25  10.7  11.4  10.8  10.4  10.2  9.88  11.4  9.51  9.44  7.72  6.81  8.4  10.9  10.9  9.26  9.16  12.8  11.7  12  8.71  9.19  10.5  12.3  14.2  9.38  7.1  5.2  7.79  12.1  11  8.87  7.61  6.2  11.8  9.4  8.86  7.66  7.45  8.67  6.22  5.6  3.53  -0.369  -0.375  3.27  5.9  6.11  3.37  4.84  4.22  7.97  8.91  9.45  7.29  4.39  5.17  4.9  9.51 
 -87.3  -88.1  -85.2  -34.4  19.6  19  20.2  17.7  13.6  11.4  12.5  12.5  15.9  11.5  10.5  8.36  10.6  11.5  12.3  12.7  13.4  12.9  18  18.8  18.8  18.4  16  16.7  17  14.7  14.6  11.9  10.9  11.6  14.2  15.1  12.4  13.6  17.7  15.8  16  11.5  10.7  12  12.6  14.8  11.1  8.54  7.68  10.5  17.3  18.6  15.4  14.4  15.2  18.4  15.7  16.1  16.1  15.9  16.8  16.4  18  14.5  11.7  10.9  13.4  14.9  13.8  8.86  9.3  7.38  11.4  13.6  13.9  13.2  10.3  11  13  18 
 -85.3  -85  -83.5  -32  22.7  19.9  20.9  20.6  17.6  16.6  18.8  19.8  23  18.4  18.5  16.6  17.6  18.3  20.1  19.6  19.6  19.6  24.9  24.6  25.7  25.5  22.2  22  23.4  21.1  20.6  17.8  18.1  18.8  21.4  21.1  19.3  19.1  22.9  21.4  21.9  17.1  15  15  15.9  17.1  14.9  12.1  11.9  15.7  22.7  25.4  23.4  24.7  25.7  27.4  25.9  25.7  23.2  23.9  24.8  24.3  25.9  22.1  19.6  17.8  20  23  20.8  15.7  17.5  14.4  19.6  22.1  22.4  21.6  19.4  19.4  20.1  23.9 
 -82.4  -82  -80.5  -27.2  29.1  27.2  29.2  28.8  26.1  23.7  25.8  25.5  26.2  20.6  19.7  18.7  20  19.4  22.8  21.3  21.3  22.9  28.5  27.2  28.5  28.3  25.2  24.7  27  24.9  23.8  21.8  23  22.2  25  26  24.1  23.9  28.7  26.2  25.8  22.3  19.4  19.4  21.2  22.6  21.5  17.4  19.7  22.2  27  31.9  29.9  29.6  30.9  31.9  30.7  30.2  29.9  30.6  31.3  29.8  32.8  30  27.6  26.5  27.7  29.8  28.6  22.5  25.3  20.7  24.4  26.4  27.9  26  23.7  22.6  23.4  26.9 
 -77  -77.7  -76.2  -21.1  34.7  33.1  34.2  36.3  33.7  30.2  31.2  32  32.6  27.8  25.6  24.9  26.2  25.9  29.2  29.8  29.8  31.3  38.5  38.4  39.4  39.2  35.9  36.7  37.7  34.9  32.5  30.5  29.2  28.2  29.7  30.7  28.6  27.3  31.9  30.7  30.2  29.3  27.8  28.8  30.4  32  32.3  29.8  32.1  32.3  34.7  39.6  37.9  37.9  38  39.9  39.4  37.4  37.1  38.9  37.3  35.8  39.1  36.2  33.7  30.4  30.5  33.4  32.1  27  27.2  22.6  26.2  26.2  29.2  28.6  27.6  27.6  27.1  31.7 
 -74.3  -75.4  -75.3  -19.7  36.6  35.1  35.1  37.3  36  32.4  34.7  36.8  38.8  35.3  34.3  34.9  34.8  35.9  38.1  38.4  37.4  37.7  42.3  39.9  41.6  44  39.7  40.5  41.8  39.7  37.7  36.9  38  37.3  37.5  38.5  37.2  34.4  38  36.4  36.2  35.3  32.6  33.3  35.6  37.2  37.5  35  36  34.8  34.7  38.6  35.8  35.8  37.4  39.6  40.4  40.7  40.4  42.4  41.6  40.3  41.4  36.2  33.6  31.3  29.2  33.1  31.5  27.7  27.9  24.6  29.2  30.1  30.9  32.6  31.5  32.8  31.3  35.6 
 -69.8  -68.6  -69.5  -13.5  43.3  41.8  41.5  42.4  41.3  36.6  39.2  40  42.1  38.4  37.3  37.9  37.8  38.9  42.3  42.5  42.8  41.8  45.4  44.4  45.9  49.3  44.9  44.4  44.2  43.4  43.9  44.3  43  43.8  42  43.1  43.1  41.5  42.5  40.7  39.1  40.3  36.3  37  39.3  40.9  41.2  40  41  40.2  40  42.8  42.3  42.4  43.9  45.2  45.9  45.5  46.3  47.3  47.9  45.3  46.1  41.9  40.7  39.6  36.1  39.8  37.1  33  33.2  30.1  33.5  33.4  33.9  37.9  37.1  39.8  39.5  43.7 
 -65.3  -65.1  -67.3  -10.9  47.3  45.6  45.6  47.7  47.4  42.6  45.2  44.9  47.4  44  41.8  43.1  41.7  43.4  45.4  45.7  47.1  46.1  48.6  50  50.5  54  49.2  50  49.5  49  48.2  46.9  45.6  46.4  43.5  43.6  43.4  43.4  42.7  43  42.7  42.8  37.9  39.4  42.8  44.9  43.9  43.9  42.6  41.7  42.7  46.5  46.6  46.6  46.5  46.6  48.4  50.3  51.3  51.4  51.9  50.4  50.9  48  48  44.9  40.4  43.6  41.2  35.7  34.6  33.1  35.4  34.3  34.6  39.6  39  41.4  42.4  45.5 
 -65.5  -64.3  -67.8  -11.2  47.5  47.3  48.7  52.3  52.4  47.6  50.4  50.1  52.8  48.4  44.8  45.1  41.3  41.6  43.7  43.7  46.6  45.5  49.2  50.2  50.8  55.1  50.1  51.1  51.8  49.8  48  47  47  49.2  46.4  48.9  47.1  47.3  45.9  46.9  46.4  47.7  41.4  43  45.1  49.9  48.5  50  50.2  49.4  49.1  53.8  52.5  52.7  50.3  49.2  50.5  51.1  50.8  50.8  50.5  50.2  52  51.6  52.7  48.7  44.2  48.7  47.4  42.7  41.4  38.6  39.6  38.6  39.6  43.4  41.5  41.5  42.5  45.9 
 -66.3  -63.5  -64.7  -8.83  50.6  50.7  53.1  55.7  55.8  52.3  53.6  53.6  57.1  52.3  47.5  47.7  43.9  44.7  44.2  44.4  46.3  45.2  47.8  48.9  50  54  48.7  51  51.9  49.5  49  50.1  51.7  53.3  53.3  56.8  56.3  55.2  54  52.7  52.4  54.5  49.5  48.7  48.4  50.6  51.6  52.7  54  51.6  49  51.6  50  50.5  49.7  46.5  47.8  49.9  48.6  48.5  48  48.8  51.8  52  52.8  48.9  43  47.5  46.3  42.9  41.8  40  41  42.3  44.7  47.4  46.6  46.6  47.6  50.8 
 -63  -60.5  -60.3  -5.44  54.3  55.2  58.7  62.6  62.9  59.2  58.4  58.1  62.7  57.6  52.8  52  46.8  46  46.8  48.1  48.6  46.7  48.5  48.6  49.9  55  52.4  53.7  55.8  55.8  56.7  58.8  61.8  62.8  60.4  63.6  62.8  59  55.5  55.2  53.9  56  52.6  52.9  52.9  56.3  58.8  60.1  59  57.7  53.5  54.5  53.2  53.7  50.2  48.3  51  54.5  53.1  53.4  53.4  53.1  54.8  56.7  57.5  54.6  48.5  52.7  52.7  49  50.3  48.4  47.8  47.8  50.2  52.6  52.3  51  52.1  53.9 
 -61  -59.9  -58.2  -3.28  56.8  58.7  63.3  65.2  65.4  62.8  62.3  59.6  64.5  60.5  55.6  53.8  49.7  50.3  48.9  49.6  49.9  46.6  47.2  48.3  49.4  53.1  49.4  52.1  53.1  54.2  56.7  59.1  60.7  61.8  60.4  65.8  63.6  61.5  58.5  58  55.3  57.9  56.1  56.6  56.9  60.1  60.9  61.9  61.1  59.8  54.2  54.2  52.9  51.8  49.4  47.8  49.4  52.3  53.4  55  55  55.8  57.7  59.9  61.8  61.3  55.2  58.4  58.1  55.1  55.4  53.5  52.6  52.7  55.1  56.4  55  53.6  54.7  55.2 
 -58.7  -60  -57.3  -1.98  58.7  60.6  63.9  65.8  66  64.7  65.3  64.2  69  65.7  62  60.4  56.6  58  55.2  57.1  56  52.5  52  54.1  55  59.5  55.7  57.6  56.5  57.6  59.3  60.6  62.2  63.3  60.9  63.8  62.7  60.5  57.6  59.3  56.5  56.8  56.3  57  57.3  60.6  62.5  64.6  61.3  62.2  59  56.3  55.7  54.9  51.1  49.3  50.8  55.4  54.3  56.3  56.5  57.6  60.7  63.9  65.8  64.6  59.2  62.4  60.8  58.9  56.7  53.7  53.1  53.7  54.8  56  54.7  54.6  55.7  57.6 
 -57.8  -57.9  -55.1  0.177  62.2  64.1  67.1  68.8  68.7  66.3  67.9  65.8  69.5  65.4  61.7  61.2  57.7  58.8  57.4  57.9  56.8  53.3  52.2  54.4  56.6  60.8  56.2  56.8  55.7  58.1  59.8  61.4  64.1  64.1  60.9  65.2  65.7  64.9  61.7  63.3  60.6  59.8  57.9  59.8  59.8  61.4  61.7  62.4  59.2  61.1  57.8  55.1  54.3  52.2  49.8  48.4  50.3  56.2  54.1  56  57.6  58.7  62.8  67.4  68  67.7  62.3  65.8  65.3  64.5  63.7  60.6  59  62  61.7  63.1  61.4  59.2  59.2  60.3 
 -56.1  -55.9  -51.8  5.04  67  68.4  72.2  73.9  72.8  70.6  72.3  68.8  69.8  64.6  59.7  58.2  54.7  55.5  55.5  54.9  55.1  53  54.7  59.3  61.4  65.7  62.5  62.8  61.4  62.5  64.2  64.1  65.5  64.1  60.9  63.8  63.5  63  60.9  62.8  60.1  59.3  57.7  59.8  60.1  60.3  60.6  60.3  58.1  60.3  58.6  58.3  58.3  57.5  55.9  55.4  56.2  59.7  58.6  60.6  61.1  62.2  67.1  73.4  74.4  74.2  71  73.4  72.9  70.7  69.9  65.7  62.7  65.5  67.4  67.9  66.6  63.3  64.3  64.3 
 -55.6  -56.5  -52.7  4.34  65.2  64.9  68.9  73.3  72.2  70  71.4  67.9  68.6  64.8  61.3  60.8  57.3  57  57  56.8  57  55.2  57.9  62.6  63.6  66.9  65.8  67.2  66.1  66.9  67.2  64.7  67.4  66.9  64.7  65.5  64.4  62.5  62  65.3  65  62.9  61.5  62.3  62.6  62.8  64.2  61.1  59.3  61.7  58.9  59.7  59.7  58.7  58.1  56.3  58.4  60.3  58.1  59.8  57.9  59  65.6  70.7  73.2  73  72.2  74.3  76.5  75.7  74.9  70.5  67.5  69.9  71.8  69.9  68.8  62.8  62.5  62.5 
 -54.7  -55.6  -50.2  8.39  69.7  69.1  72.9  78.1  75.9  74.8  76.2  73.4  71.5  67.4  63.8  62.2  60.3  59.8  59.8  59.3  58.8  56.9  59.3  62.9  65.1  66.7  65.6  67  66.4  66.7  69.4  68.6  71.3  70.7  68.8  71  68.8  65.3  65  67.2  65.9  64.8  64.8  64.5  62.4  61.2  65.3  63.7  61.7  63.6  59.8  57.8  57.6  57.9  60.1  58.2  59.3  61.5  59.4  61  60.2  62.4  67.6  71.4  73.9  74.4  73.6  76.4  79.6  80.4  79.9  75.2  72.2  73.3  75.4  72.1  71.1  65.3  62.6  63.9 
 -53  -55.2  -48.8  8.9  70.4  68.5  69.8  76.1  73.6  73.6  75.3  71.4  70.9  66.7  64.5  65.4  64.6  65.4  64.3  63.5  62.7  60.5  62.7  66.3  68.2  67.6  66.2  69  68.7  69.3  72  71.5  73.1  71.4  71.7  71.7  70.6  65.4  67.6  69.8  69.5  68.4  69.9  68.8  68  65.5  71  67.7  65.8  66.3  61.1  56.6  57.2  57.2  61  60.5  60.8  63.3  62.7  65.8  67.1  69.6  74.5  75.6  75.6  77.3  76.1  77.5  79.7  78.3  76.7  72.3  70.7  72.9  75.3  73.4  73.4  70.2  67.4  68.8 
 -46.4  -50.4  -46.4  12.5  72.8  70.5  70.8  77.1  74.6  73.5  76.6  72.4  71.1  69.4  68.3  69.4  68.6  69.2  68.1  68.6  67.8  65.6  68.1  71.7  71.9  71  71  73.8  70.8  72.7  74  72.1  72.4  71  68.8  67.7  66.7  63.9  66.1  70.8  70.6  69.7  72.5  72.8  72  70.9  75.3  73  69.8  70.6  65.3  60.6  62.5  63.9  66.1  65.6  66.2  68.3  67.5  70.5  73.3  74.7  78  79.6  79.6  81.2  80.7  83.2  85.4  82.6  80.7  76.9  74.9  77.4  78.2  77.4  76.6  74.5  73.1  74.5 
 -47.5  -50.9  -49.7  9.28  68.6  68  67.4  73.5  71  71.3  75.2  72.7  71.3  70.8  69.4  68.9  70.5  72.7  70.2  69.4  69.4  68.3  70.7  73.2  74.8  72.9  71.2  75.1  71  72.1  72.4  71.8  71.9  70.8  69.6  68.8  69.4  69.1  72.4  75.7  75.5  75.7  78.3  77.7  75.5  73  76.4  72.7  72.2  71.7  67  62.5  65.3  67.8  69.9  68  68.6  68  67.2  69.7  71.9  73.5  75.7  76  77.1  78.7  78.5  81.2  82.3  81.2  76.5  74.1  74.6  76  76.5  76.8  74.3  74.6  70.8  73.3 
 -41.5  -44.8  -43.6  15.5  74.7  72.7  69.9  76.8  74  71.9  75.7  74.6  73.3  73.3  70.8  72.4  71.9  73.3  71.9  71.3  71.3  71.6  72.7  76.3  76.8  77.3  75.4  79  75.7  75.4  74  74.3  74.3  72.1  69.9  69.4  71.4  69.7  73  76.6  77.7  78  81.3  80.5  76.6  74.4  79.4  75.8  75  74.4  70.8  66.4  69.4  72.2  71.9  69.7  71.3  71.3  68.3  68.3  70.8  72.5  75.5  75.5  74.4  74.6  73  76.6  79  76.8  70.5  68.6  70.5  73  73.8  76.6  75.8  77.2  74.7  79.9 
 -37.7  -41  -42.3  15.5  74.7  73  70.3  76.3  72.5  70.6  75.8  75.8  77  75.9  72  73.4  72.3  75.3  72.5  70.9  70.9  70  72.2  75.8  76.4  77.5  75.5  81.3  77.7  78.5  77.1  78.8  78.8  77.2  74.7  75.3  77.2  76.6  78.6  82.5  83.6  83.9  86.6  85.8  80.6  75.9  78.6  75.3  74.2  71.2  67.9  64.8  68.1  70.9  73.4  72.5  73.1  71.7  69.8  69.2  72  72  73.6  71.1  70  71.1  70.8  74.4  76.1  73.6  69.7  69.2  72.2  73  74.1  77.2  77.5  80  77.5  81.4 
 -36.5  -41.1  -42.8  14  73.2  71  69.6  76  72.1  71  77.6  77.9  81.5  80.4  78.2  78.2  76.6  78.5  76  73.2  73.2  72.1  74.6  76.5  77.3  78.7  79.3  84.8  81.2  81.4  80.3  81.7  82  80.1  78.7  77.9  77.4  77.6  80.1  84  85.1  85.4  89.6  87.6  82.4  79.1  82.1  77.4  76  73  69.7  66.6  70.2  74.3  76.8  74.6  76.3  74.1  72.2  71.6  73  71.6  72.1  69.6  71  71  70.4  74  75.7  73.5  71  69.1  72.1  71.8  72.9  74.9  75.5  78  75.2  78.8 
 -37.7  -39.9  -41.8  13.6  71.8  69.8  68.7  75.4  71.8  71.5  76.5  78.1  83.1  84.2  83.1  83.1  82.6  83.1  79.2  76.8  75.4  74.3  74.3  75.4  76.5  75.1  75.6  81.7  78.1  78.6  77.2  78.9  78.9  78.1  78.4  78.7  77.6  79.2  81.7  85.6  88.1  87.3  91.2  87.6  81.2  78.2  79.8  76.2  75.1  71.8  68.2  62.6  66.5  70.7  72.1  69.8  72.6  70.4  68.8  69.3  72.1  72.1  72.6  69.8  69.8  68.7  68.4  71.8  73.4  71.2  68.4  67.6  72  72  72  72.3  72.6  75.1  72.3  77 
 -39  -40.1  -41.8  13.6  73.1  71.5  69.3  73.2  69.3  71.8  75.6  79.5  84.8  85.9  85.9  87.3  87.8  89.5  83.1  80.3  76.7  76.7  75.4  75.4  76.5  75.1  73.4  80.9  77.3  78.9  77.5  79.2  78.9  75.6  75.9  78.4  75.6  79.7  82.3  84.8  87.2  86.7  90.3  88.4  82.3  79.3  80.1  77.6  76.5  71.8  69.6  65.7  68.2  71  73.7  72.6  74.6  72.4  72.1  71.3  73.7  72.6  72.9  69.8  68.5  66.8  66.5  69.8  70.1  67.9  67.3  66.8  70.1  69  69.3  69.6  69.6  74.5  73.2  77 
 -39.4  -40.8  -42.5  12.6  72.1  70.7  69.6  71  66.8  68.2  72.4  76.3  83.2  84  85.4  88.2  89.5  91.5  85.1  82.3  77.3  76  74.9  74.9  75.1  74.3  74  81.5  76.5  79.8  78.7  80.1  79.6  77.1  77.1  76.8  75.4  82  84.3  86.8  89.5  89.3  90.4  88.5  84.9  82.7  82.4  78.5  77.1  71.3  68.8  67.7  70.2  71.9  73.5  72.4  75.5  71.9  73  72.4  73.5  71.3  72.7  69.6  68  65.5  66.6  69.6  68.2  66  65.1  63.5  68.2  67.4  68.8  70.5  70.2  74.1  74.1  79.3 
 -35.8  -37.3  -41.5  14.9  74.4  73.3  73.6  73.9  69.7  69.7  73.6  80  85.2  87.2  88.3  89.6  89.9  91.6  86.6  83  76.6  75.6  73.6  73.9  74.2  75.6  74.5  80.6  76.4  79.7  79.7  79.4  77.2  73.3  72.2  74.1  73  81  81.9  82.2  85.2  85  87.5  85.3  79.2  76.7  75.4  73.1  71.4  66.7  65.6  65.6  68.7  71.7  72  70.6  73.4  69.8  70.6  71.4  71.7  69  70.6  68.9  67.5  65.1  68.6  70.6  67.8  65.3  63.4  60.1  64.5  63.7  65  65.6  66.7  70.6  71.7  78.3 
 -38.5  -39.9  -42.8  13.6  74.3  73.5  74.1  75.5  69.9  71  75.2  80.2  84.1  84.9  85.7  86.8  87.3  89  85.4  81.5  75.2  75.2  72.7  73  74.7  76.3  76.3  81  78  82.4  83.7  84  82.1  78.2  77.9  80.1  79  86.2  85.7  84.6  87.1  86.8  87.9  86  79.6  76.9  75.2  73.3  70.8  65  64.7  66.1  67.7  70.8  71.6  71.6  74.1  71.6  75  74.7  73.6  69.4  70  66.6  63.9  60.3  63.6  63.3  61.9  60.6  61.1  58.6  64.4  63.3  66.3  65.8  68  70.5  69.1  74.9 
 -38.8  -41.9  -42.3  13.9  74.6  72.2  72.4  73.8  69.4  68  73.5  77.1  81  82.1  83.5  84.9  84.3  84.6  83.5  78.5  72.7  71.6  68.9  70.3  71.6  73.3  74.7  78.3  76.3  79.1  80.1  79  76.8  73.2  74.3  76.8  75.7  83.1  82.6  84.3  86.8  84.3  85.1  82.7  77.1  74.4  72.4  71.9  66.6  62.2  61.6  63  63.9  65.8  67.8  68.9  70  70.2  73.3  73.3  72.5  69.1  70.8  67.7  63.8  61.6  64.7  64.7  65.5  63.8  64.6  61.1  65.7  66  69  67.4  71  72.4  71.3  76 
 -42.6  -45.8  -46.2  10.2  70.8  68.6  70  71.7  66.4  67.8  71.9  75.3  79.1  78.8  80.2  81.9  82.4  83.5  81  76.1  70.3  68.7  68.6  70  71.1  71.4  74.1  78  77.4  80.4  82.1  79.9  77.7  74.1  73.8  75.2  73.8  80.2  78.3  78.3  79.4  77  78  78.3  72.8  70  67.8  67.5  63.9  59.5  57.8  59.2  58.7  60.6  64  66.7  69.2  68.9  74.4  76.6  75.2  71.9  73.5  69.1  66.1  63.9  68.3  66.9  66.6  65.2  67.4  63.6  68.5  67.7  70.4  67.7  71  71.3  70.2  73.2 
 -46.6  -48.4  -47.4  8.88  67.9  65.2  66.9  69.3  65.2  66.3  69  70.7  74.8  75.9  77.6  79.2  80.3  78.7  78.9  72.6  67.1  64.1  64.1  65.8  66.9  66.8  70.7  73.4  75.3  77.2  80  77.5  73.9  70.1  69.8  71.5  69.8  75.3  73.4  73.4  74.8  74.8  76.2  75.1  69.6  67.9  65.5  66.3  64.1  59.7  55.3  56.6  57.2  59.1  61.4  62.8  65.2  63.6  70.4  74  72.3  70.4  73.4  69  67.3  65.1  68.4  67  68.1  68.4  68.4  63.2  68.4  68.7  71.4  69.5  71.7  69.2  66.8  71.2 
 -49.6  -51.4  -51.3  6.23  64.1  62.9  63.5  65.7  64.3  64.3  66.7  69.1  70.5  72.4  73.8  74.4  74.7  72.8  72.8  67.8  62.6  59.9  59.9  61.5  63.7  65  67.5  71.9  73.8  74.6  77.1  73.5  70.2  66.7  66.1  67.8  67.2  71.6  70.8  70.8  73.3  72.7  73.8  72.7  67.8  66.1  62.6  64.7  64.2  59  56  57.4  56.6  57.9  58.8  62.3  63.4  61.2  69.2  71.9  71.4  70.8  73.8  69.1  66.6  65.5  69.1  66.3  67.4  65.2  63.9  59  64.5  63.1  65.9  65.3  67.5  65.8  64.8  69.2 
 -49.5  -53.8  -53.7  3.66  62.7  60.5  61  61.8  60.1  60.4  63.1  64.2  66.9  67.7  70.5  71.8  73.2  72.9  72.6  68.8  65  60.9  61.7  62.8  65.2  66.9  67.7  70.7  73.7  73.2  74.6  71.3  68.5  65  64.4  66.6  66.3  69.4  68.5  68.5  69.3  68.5  68.6  67.5  63.4  64.2  62  64.2  63.4  59.6  56.5  59  58.2  57.1  57.7  60.4  61.5  61.8  67.3  68.9  67  66.1  70.4  64.7  61.9  62.2  63.3  61.9  64.4  64.9  64.1  58.1  62.5  62.5  63.9  66.1  68.3  65.3  62.9  67 
 -52  -56.3  -57.6  0.611  59.1  59.1  60.5  64  63.7  63.9  68  68  69.3  70.1  72  72.3  71.2  70.1  71  66.9  65.2  60  60  59.5  60.6  63.3  64.9  66.9  70.1  68.8  70.2  69.1  67.7  66.6  66.2  66.3  67.4  69.1  67.7  69  68.7  67.9  67.9  66.3  63.3  63.8  60.3  62.8  60.6  56.8  52.4  53.5  51.7  52  51.2  53.9  54.7  56.3  60.4  64.5  64.2  65.8  68.7  63.3  61.9  61.4  62.7  63  65.7  64.8  62.9  57.2  61.7  62.7  65.2  67.1  68  63.9  60.1  64 
 -53.9  -58  -60.7  -3.78  54.5  54.4  55  60.9  60.6  62.3  66.1  66.3  67.4  68.5  70.4  69.3  67.4  66  66.6  61.4  62.2  58.4  57.1  55.2  56  58.5  59  61.2  66.6  63.9  63.9  63.9  63.8  64.3  65.4  67.9  67.6  68.2  66.8  68.2  67.6  66.8  67.9  65  60.8  60.3  55.5  59.2  58.4  55  50.6  50.3  49.8  49.8  48.7  52.5  51.9  54.9  59  62.8  62.5  63.8  67  62.9  62.1  62.7  62.7  62.6  65.6  64.8  61.8  56.1  59.2  61.1  62.2  64.1  65.3  62.3  57.2  61 
 -59.1  -62.9  -64.5  -8.14  49.5  49.2  51.1  55.7  54.4  56.6  59.3  58.5  60.1  60.4  63.6  62.3  62.8  61.7  60.7  57.7  59.5  56.6  56  53.9  55.2  56.6  59.6  63.1  66.3  62.6  61.8  63.1  63.4  65  66  66.1  65.5  67.4  67.4  69.9  69.3  69.8  69.3  66.6  64.6  64.6  58.5  60.9  58.7  53.1  47.5  46.4  45.6  45.9  44.6  49.7  49.1  53.1  58.5  62.3  63.1  63.3  63.9  61.1  61  62.9  61.9  62.6  66.7  65.9  65.1  61.9  62.5  63.6  63.4  65.3  64.2  58.8  53.7  56.1 
 -60  -62.5  -65.5  -9.43  47.7  48.7  50.5  54  54.1  54.9  55  56.5  58.2  58.8  62  59.3  59.3  57.2  54.8  53.1  54  49.9  49.6  47.5  48.9  50.5  52.4  56.9  60.2  56.6  56.9  56.6  55.6  58.5  59.6  60.7  60.1  60.7  59.3  62  61.8  62.3  61.5  58.8  57.9  58.2  52.3  54.7  53.4  49.9  44.6  43.5  42.7  41.6  39  44.8  44.3  47.5  52.1  56.9  57.7  59.3  60.2  60.1  61.7  64.7  63.3  63.9  67.9  67.4  65.5  61.2  59.4  59.1  57.5  60.5  58.1  52.7  48.9  50.8 
 -62.2  -62  -66.1  -10.3  47.5  48.8  50.7  53.9  51.5  53.4  52.4  54  55.9  55.3  58.6  57  56  56.2  53.8  53.2  54  49.7  49.5  46.1  46.4  48  47.5  52  54  50.5  50.8  51.5  52  55.7  55.4  57.5  56.7  55.9  55.9  57.2  55.9  57.2  55.7  54.3  53.4  54  49.2  51.3  52.4  47.8  42.7  43  43.5  42.4  38.7  44.9  43.3  45.1  50.8  55.6  56.1  56.6  57.5  58.4  60.1  62.7  61.9  62.2  65.1  64.6  63.8  60.8  57.8  57.2  56.1  57.8  55.4  48.7  46.3  48.2 
 -63  -62.1  -65.1  -9.77  47.7  50.1  52  55.5  54.4  53.7  52.7  53.2  55.1  55.7  57.6  53.6  51.3  50.2  50.4  49.8  50.6  46.4  44.8  41.3  43.2  46.1  45.8  47.7  48.6  46.2  45.1  44.8  44.3  49.1  48.9  50.4  51.2  51.5  52.5  55.2  55.3  57.4  54.4  51.7  51.2  51.4  46.6  47.7  48.7  45.2  40.4  40.7  41.2  40.1  35.2  40.2  38.6  40.7  45.2  48.9  49.7  50.3  51.1  54.4  56.3  57.7  56.9  56.1  60.3  60.7  59.8  55.8  50.4  49.3  49.2  50.4  49.3  43.4  39.6  42.8 
 -65.4  -64.2  -68.3  -13.3  45.1  46.8  47.4  49.8  47.8  48  45.7  47.6  49.4  49.7  52.6  49.7  47  47.3  46.2  48.2  50.1  47.2  44.3  39.5  40.3  43.3  43.2  44.1  43.6  41.4  39.1  39.4  40.2  45  46  46.1  48.1  47.1  46.9  48.2  48  50  48.1  45.4  47.3  47.5  45.1  46.4  48.7  46.3  42.6  42.8  43.6  41.5  35.2  40.3  38.4  40.6  43.7  46.4  46.2  45.4  45.9  50.6  51.1  52.7  51.9  51.1  55.4  55.3  55.6  52  45.1  43.3  44.3  45.7  44.6  40  36.6  39.4 
 -65.3  -65.4  -68.4  -15.1  44.2  43.5  42.5  44.9  41.5  44.1  41.8  42.5  46.7  45.7  49.9  48.3  47  47.5  45.4  47.7  48.1  44.1  41.2  35.4  34.9  35.2  35.2  35.7  35.2  35.4  34.3  35.7  36.3  42.3  44.9  44.9  45.9  43.7  42.3  43.4  42.4  45.7  42.5  38.6  39.9  41.4  41.3  42.6  42.6  40.9  37.5  37.8  40.9  39.3  33  37  34.2  37.9  41.1  42.2  42.2  41.2  41.7  45.4  44.4  47.2  46.2  45.4  49.7  51.7  52  49.2  42.1  42.6  43.6  44.9  43.8  40.8  36.3  39.4 
 -70  -69.1  -72.2  -18  39.6  38.6  38.7  42  39.7  43.3  40.9  41.7  44.5  43.5  46.3  43.7  41.3  41.6  40  42  42.4  37.2  35.8  31.6  30.8  32.1  31.4  32.7  31.4  33  34.5  35.3  34.4  39.4  39.6  39.4  40.7  38.1  35.6  35.4  34.8  39.5  38.9  36.3  39.2  39.4  39.3  41.6  42.8  40.9  37.5  37.7  40.8  40.3  34.1  37.8  32.9  35.5  38.8  40.9  40.9  38.8  38.3  43  43.4  47.2  46  45.2  48  47.5  47.5  44.5  37.4  35.5  37.9  38.8  38  35.4  32.2  35.6 
 -70.4  -71.9  -73.4  -19.7  37.6  35.9  36.2  39.5  37.3  38.6  37.2  36.8  39.6  38.6  40.9  38.2  37.2  36  34.6  36.7  37  31.9  30.3  27.4  27.7  26.7  26.2  27.3  26  27.2  30  31  29.3  32.2  33.2  34  36.3  33.8  30.5  29  28.2  32.9  33.3  30  32.7  33.2  34.1  37.5  40  39.4  36.8  36.1  40.2  39.7  33.5  37.4  32.8  34.2  36.2  36.2  37.2  34.1  33.5  37.3  35.1  38.7  36.2  34  36.6  34.8  35.8  31.5  26.5  24.9  27.5  29.7  31.2  29.6  27.8  31.2 
 -73.7  -75.7  -76.3  -21.8  33.8  32  32.1  33.3  32.7  33.7  31.3  31.1  32.7  32.9  35.2  32.9  32.8  30.3  29.3  33.9  32.8  27.7  27.5  25.7  26  24.8  26.6  26.1  23.8  24.8  28.8  28.7  25.9  27.5  28.8  28.3  30.5  26.8  25.1  23.6  21.6  25.9  27.6  25.4  27.1  29.9  31.9  32.7  35.2  36.7  33.4  31.4  34.2  35  29  31.9  28.7  28.8  29.7  29.7  32.3  29.4  28.8  30.3  29  31.4  28.9  26.7  29.4  27  29.3  26.1  22.1  19.6  23.1  24.2  25.6  25  24.5  25.4 
 -78.2  -80.2  -79.6  -25.7  28.3  26.6  26.3  27.6  28  28.8  27.5  27.2  28.8  30  31.3  29.5  29.3  26.9  26.9  29.5  28.4  22.4  22.1  20.2  20  18.8  18.1  16.3  16  17.1  20.8  19.8  19  20.9  22.1  24.1  26.9  22.1  20  19.7  18.7  21.8  22.5  19  18.5  20.8  23.9  23.6  26.3  27.8  24.9  24.9  29  30.6  26  27.8  27.2  27.4  28  27.9  28.1  25.4  26.1  26.3  24  23.9  20.2  17.3  19  19  20.2  14.7  12.1  10.5  15  15.7  18.3  18.7  17.2  19.2 
 -85.3  -87.1  -84.3  -31.9  21.7  18.7  18.1  19.4  21.1  20.8  20.8  19.8  23.6  24.4  26.8  26.6  25.8  23.1  24.5  24.6  24.6  17.3  17  14.2  12.8  11.3  11.8  8.97  9.83  8.42  12.3  12.8  13.1  14.8  17.5  17.1  21.1  17.5  17.7  16.9  15.6  19.9  19.7  14.8  15.5  17.5  19.4  19.4  22.6  23.1  20.1  20.2  25.4  26.1  22.5  24.2  23.6  22.4  21.7  20.5  20.7  17.9  19.7  18.8  15.4  15  12.7  11.2  12.7  13.7  13.7  9.15  6.6  6.51  10  10.6  13.1  13.5  11.8  14.1 
 -87  -89.2  -86.4  -34.6  17.5  14.2  13.4  14.7  17.6  17.4  17.4  15.5  18  19.6  21.8  21.8  22.3  17.2  17.2  16.4  17.3  12.5  12.3  11.1  8.48  5.83  8.53  5.73  7.9  7.79  11.4  12.1  9.87  10.6  13.3  11.5  15.5  13.2  10.9  9.13  8.88  13.4  15.2  9.2  10.4  11.3  12.1  13.3  16.4  15.7  12.5  11.5  16.4  17.2  14.8  15.4  14.9  12.7  11.9  10.7  11.2  8.42  10.2  8  5.72  4.3  2.94  1.43  4.15  5.08  6.06  0.0592  -1.18  -2.45  1.75  3.33  6.11  7.84  5.81  8.35 
 -93.8  -95.9  -94.2  -43.3  8.27  5.92  5.09  5  8.59  10.8  11.1  10.2  12.7  13.1  16.9  17.9  20.8  16.2  14.7  13.7  14.6  10.3  11  7.61  2.54  -2.57  -1.29  -2.79  -0.382  -1.52  2.92  3.7  3.41  5.06  10.2  8.7  10.5  7.88  5.6  3.85  4.77  7.34  9.09  3.13  5.4  6.21  7.3  9.8  11.8  9.86  8.82  7.8  11.6  13.3  13.4  12.5  10.7  8.54  6.57  5.33  5.82  3.98  4.75  0.341  -1.93  -3.22  -4.58  -4.8  -4.53  -3.34  -2.36  -8.25  -8.46  -8.31  -5.13  -3.53  -2.04  1.12  -0.678  -0.0951 
 -99.1  -101  -98.5  -47.4  3.19  0.949  1.4  2.45  7.06  8.29  10.7  8.55  8.87  8.71  12.3  12.3  15.2  10.6  9.36  7  8.14  5.02  6.65  3.37  -0.669  -6.01  -6.02  -6.5  -4.74  -7.28  -2.7  -2.17  -1.33  0.556  4.43  3.29  2.9  2.23  2.14  1.31  2.22  3.51  4.01  -0.669  1.72  2.53  1.69  2  2.94  1.5  0.725  -0.288  2.47  4  5.16  4.27  4.9  3.78  0.668  -0.809  0.701  -0.0838  -0.339  -4.75  -5.88  -9.59  -10.7  -10.9  -10.9  -10.8  -10.7  -14.4  -13.5  -12.3  -8  -8.82  -6.42  -3.27  -4.95  -4.48 
 -106  -107  -104  -52.4  -2.87  -4.1  -2.15  -0.988  3.62  3.61  5.02  3.97  3.05  3.15  5.48  4.37  7.02  2.4  2.16  -1.58  0.836  -1.27  0.363  -1.64  -4.8  -9.1  -10.2  -12.6  -10.8  -14.4  -10.9  -10.3  -8.37  -8.65  -6.94  -8.08  -7.45  -5.96  -6.31  -8  -8.24  -8.19  -6.42  -8.71  -6.06  -5.4  -7.51  -8.32  -6.37  -7.55  -8.36  -8.48  -7.22  -5.06  -3.9  -4.79  -2  -4.4  -6.61  -6.82  -6.2  -7.61  -8.76  -11.9  -11.8  -16.5  -15.3  -15.5  -16.6  -17.4  -16.5  -18.8  -19  -18.6  -15.4  -18.6  -17.1  -14.3  -15  -14.6 
 -111  -112  -109  -58.4  -8.72  -7.59  -7.73  -8.45  -4.62  -5.63  -4.22  -4.14  -5.06  -4.96  -3.73  -4.83  -1.32  -7.03  -8.62  -12.1  -9.72  -10.6  -10.2  -12.4  -14.4  -18.5  -17.5  -18.8  -16.4  -21.1  -19.9  -19.1  -16.1  -15.6  -12.9  -14.2  -13.9  -12.1  -10.1  -10.6  -11  -10.8  -11.1  -13.4  -12  -12.2  -15.2  -17.3  -15.7  -17.5  -18.5  -17.6  -17.4  -16.1  -13.8  -14.7  -10.7  -14  -14.1  -16.2  -15.5  -15.9  -17  -19.9  -19.8  -26  -23.5  -25.8  -26  -25.6  -25.8  -26  -26.4  -23.9  -20.5  -23.8  -22.6  -18.6  -19.5  -18.2 
 -117  -118  -117  -67  -18.3  -17.2  -16.3  -17.2  -13.6  -14.7  -13.7  -12.3  -14.3  -14.5  -13.2  -15.6  -12.3  -17.8  -18.4  -22.4  -21.1  -20.9  -19.3  -22.3  -23.3  -26.1  -24.1  -25.5  -22.3  -25.9  -26  -27.3  -23.7  -22  -21.1  -22.7  -23.1  -22.2  -19.4  -19.6  -19  -18.5  -20  -20.3  -21  -22.3  -24.4  -28.3  -25.9  -28.8  -29.6  -27.4  -27.2  -25.9  -22.6  -23.5  -18.9  -22  -19.8  -21.1  -22.8  -23.1  -22.9  -25.9  -25.6  -30.4  -27.9  -30.2  -30.4  -27.9  -29.2  -28.5  -29.9  -27.4  -25.4  -28.8  -28.7  -26.6  -28.3  -26.8 
 -128  -130  -129  -81.3  -33.5  -32.5  -31.5  -31.4  -29.1  -30.2  -28.2  -27.1  -27.9  -29.2  -28.2  -29.7  -27.6  -31.9  -32.4  -37.7  -36.3  -36.2  -34.6  -37.3  -38.3  -40.9  -40.1  -40.3  -37.1  -40.4  -41.7  -43  -39.5  -37.7  -37.1  -38.5  -38.9  -36.7  -34.2  -34.3  -32.5  -32  -34.8  -34.8  -34.5  -36.8  -38.9  -41.6  -39.2  -43.1  -42.9  -39.4  -39.3  -39.2  -36.1  -37  -33.7  -36.8  -34.8  -36.1  -39  -39.4  -39.2  -40.9  -41.9  -45.4  -42.9  -44.9  -45.2  -42.4  -44  -43.2  -44.6  -40.9  -39.9  -42.1  -42  -40.8  -42.6  -39.8 
 -139  -141  -141  -95.3  -48.5  -47.4  -47.4  -46.4  -44  -45.1  -43.1  -42.3  -43.3  -44.6  -43.6  -45.3  -44.2  -48.5  -48.8  -53.1  -51.5  -50.1  -49.5  -52.3  -53  -55.5  -53.5  -53.8  -51.5  -53.9  -55.2  -55.5  -52.9  -51.5  -50.8  -53.4  -54  -52.1  -50.6  -52  -51.1  -50.6  -52.2  -51.2  -49.7  -51.7  -53.6  -55.3  -51.7  -54.6  -53.4  -51  -52  -53.2  -50.1  -51.2  -49.1  -53.4  -52.4  -54.9  -56.9  -56  -55.8  -57.6  -57.3  -59.6  -55.9  -57  -56  -54.2  -55.8  -53.8  -55.2  -52.7  -52.7  -54.8  -54.8  -53.6  -55.3  -53.8 
 -150  -152  -154  -109  -64.2  -63.1  -63.1  -62.1  -60.9  -61.1  -59.1  -58.5  -60.7  -61.8  -61.7  -63.7  -61.6  -64.7  -65  -68.2  -66.5  -64  -63.3  -65.1  -64.6  -67.2  -66.4  -66.6  -65.4  -66.5  -69  -69.6  -67  -66.7  -67.3  -68.6  -70.5  -68.8  -68.2  -69.4  -68.2  -69  -69.3  -67.1  -66.6  -68.4  -69.1  -71  -67.6  -70.5  -69.4  -66.9  -69.2  -69.4  -66.3  -68.4  -66.2  -69.4  -67.4  -68.7  -70.7  -69.8  -69.6  -71.6  -70.4  -72.5  -69.9  -71  -71.3  -70.4  -70.8  -69.8  -70  -68.7  -67.7  -69.6  -69.5  -68.1  -69.8  -68.3 
 -165  -168  -170  -126  -82.6  -81.2  -81  -79.7  -78.6  -78.7  -76.7  -75.2  -77.4  -79.7  -79.6  -81.8  -80  -81.9  -82  -84.2  -83.7  -82.3  -80.5  -82.6  -80.9  -82.3  -82.4  -82.6  -81.4  -82.5  -84.8  -86.6  -82.8  -82.5  -83.1  -84.4  -86.3  -85.8  -84  -84.2  -83.1  -83.8  -85.1  -82.9  -82.6  -83.5  -84.1  -87  -84.6  -86.3  -85.2  -83  -85.2  -85.4  -82.3  -83.2  -80.1  -82.3  -81.3  -82.6  -84.6  -83.7  -83.5  -85.5  -85.5  -87.5  -86.2  -87.3  -88.7  -87.8  -89.2  -87  -87.2  -84.7  -84.7  -86.3  -86.5  -85.1  -86.8  -85.5 
 -178  -181  -183  -142  -101  -101  -100  -98  -97.8  -99.1  -97.3  -95.6  -97.8  -98.9  -99.1  -101  -101  -103  -103  -105  -104  -103  -102  -103  -100  -100  -99.3  -99.5  -98.5  -99.6  -102  -102  -99.6  -100  -102  -103  -104  -104  -102  -102  -102  -102  -103  -101  -101  -101  -102  -106  -103  -105  -105  -103  -104  -105  -103  -103  -99.6  -102  -99.8  -101  -103  -103  -103  -104  -104  -105  -103  -104  -105  -104  -105  -102  -102  -101  -101  -102  -102  -102  -104  -102 
 -193  -197  -199  -160  -122  -120  -120  -119  -119  -120  -119  -117  -118  -119  -120  -122  -121  -124  -124  -126  -125  -125  -125  -125  -122  -122  -121  -121  -119  -120  -120  -121  -119  -120  -122  -123  -122  -123  -122  -123  -123  -123  -124  -121  -122  -123  -123  -125  -123  -125  -125  -123  -124  -124  -122  -122  -120  -122  -119  -120  -122  -122  -122  -123  -124  -123  -122  -123  -124  -123  -123  -121  -123  -121  -122  -123  -124  -123  -124  -123 
 -210  -214  -216  -181  -145  -144  -144  -143  -143  -144  -143  -143  -144  -144  -145  -146  -146  -148  -148  -149  -148  -148  -148  -148  -146  -146  -144  -143  -141  -141  -142  -143  -143  -143  -143  -144  -144  -145  -144  -144  -143  -142  -144  -143  -143  -145  -145  -146  -144  -146  -146  -145  -146  -147  -145  -145  -144  -146  -144  -145  -146  -145  -144  -144  -146  -146  -146  -147  -146  -145  -146  -145  -146  -144  -144  -144  -144  -144  -145  -144 
 -231  -235  -239  -206  -174  -174  -173  -172  -172  -173  -172  -172  -173  -173  -174  -175  -175  -176  -175  -176  -176  -176  -176  -177  -176  -176  -175  -175  -174  -173  -173  -174  -173  -172  -173  -174  -173  -174  -175  -175  -174  -174  -174  -173  -174  -175  -174  -175  -174  -174  -174  -174  -174  -174  -173  -173  -172  -173  -172  -172  -173  -173  -172  -173  -174  -174  -174  -174  -174  -173  -174  -174  -174  -174  -174  -174  -174  -175  -176  -175 
 -251  -256  -259  -230  -202  -202  -202  -202  -202  -202  -202  -202  -202  -202  -202  -202  -202  -202  -202  -202  -202  -202  -202  -202  -202  -202  -202  -202  -202  -202  -202  -202  -202  -202  -202  -202  -202  -202  -202  -202  -202  -202  -202  -202  -202  -202  -202  -202  -202  -202  -202  -202  -202  -202  -202  -202  -202  -202  -202  -202  -202  -202  -202  -202  -202  -202  -202  -202  -202  -202  -202  -202  -202  -202  -202  -202  -202  -202  -202  -202 
 -267  -271  -275  -249  -223  -223  -223  -223  -223  -223  -223  -223  -223  -223  -223  -223  -223  -223  -223  -223  -223  -223  -223  -223  -223  -223  -223  -223  -223  -223  -223  -223  -223  -223  -223  -223  -223  -223  -223  -223  -223  -223  -223  -223  -223  -223  -223  -223  -223  -223  -223  -223  -223  -223  -223  -223  -223  -223  -223  -223  -223  -223  -223  -223  -223  -223  -223  -223  -223  -223  -223  -223  -223  -223  -223  -223  -223  -223  -223  -223 
 -281  -286  -291  -267  -242  -242  -242  -242  -242  -242  -242  -242  -242  -242  -242  -242  -242  -242  -242  -242  -242  -242  -242  -242  -242  -242  -242  -242  -242  -242  -242  -242  -242  -242  -242  -242  -242  -242  -242  -242  -242  -242  -242  -242  -242  -242  -242  -242  -242  -242  -242  -242  -242  -242  -242  -242  -242  -242  -242  -242  -242  -242  -242  -242  -242  -242  -242  -242  -242  -242  -242  -242  -242  -242  -242  -242  -242  -242  -242  -242 
 -294  -299  -305  -283  -261  -261  -261  -261  -261  -261  -261  -261  -261  -261  -261  -261  -261  -261  -261  -261  -261  -261  -261  -261  -261  -261  -261  -261  -261  -261  -261  -261  -261  -261  -261  -261  -261  -261  -261  -261  -261  -261  -261  -261  -261  -261  -261  -261  -261  -261  -261  -261  -261  -261  -261  -261  -261  -261  -261  -261  -261  -261  -261  -261  -261  -261  -261  -261  -261  -261  -261  -261  -261  -261  -261  -261  -261  -261  -261  -261 
