 -320  -308  -297  -273  -250  -250  -250  -250  -250  -250  -250  -250  -250  -250  -250  -250  -250  -250  -250  -250  -250  -250  -250  -250  -250  -250  -250  -250  -250  -250  -250  -250  -250  -250  -250  -250  -250  -250  -250  -250  -250  -250  -250  -250  -250  -250  -250  -250  -250  -250  -250  -250  -250  -250  -250  -250  -250  -250  -250  -250  -250  -250  -250  -250  -250  -250  -250  -250  -250  -250  -250  -250  -250  -250  -250  -250  -250  -250  -250  -250 
 -304  -294  -284  -259  -233  -233  -233  -233  -233  -233  -233  -233  -233  -233  -233  -233  -233  -233  -233  -233  -233  -233  -233  -233  -233  -233  -233  -233  -233  -233  -233  -233  -233  -233  -233  -233  -233  -233  -233  -233  -233  -233  -233  -233  -233  -233  -233  -233  -233  -233  -233  -233  -233  -233  -233  -233  -233  -233  -233  -233  -233  -233  -233  -233  -233  -233  -233  -233  -233  -233  -233  -233  -233  -233  -233  -233  -233  -233  -233  -233 
 -286  -278  -270  -242  -215  -215  -215  -215  -215  -215  -215  -215  -215  -215  -215  -215  -215  -215  -215  -215  -215  -215  -215  -215  -215  -215  -215  -215  -215  -215  -215  -215  -215  -215  -215  -215  -215  -215  -215  -215  -215  -215  -215  -215  -215  -215  -215  -215  -215  -215  -215  -215  -215  -215  -215  -215  -215  -215  -215  -215  -215  -215  -215  -215  -215  -215  -215  -215  -215  -215  -215  -215  -215  -215  -215  -215  -215  -215  -215  -215 
 -267  -261  -254  -225  -196  -196  -196  -196  -196  -196  -196  -196  -196  -196  -196  -196  -196  -196  -196  -196  -196  -196  -196  -196  -196  -196  -196  -196  -196  -196  -196  -196  -196  -196  -196  -196  -196  -196  -196  -196  -196  -196  -196  -196  -196  -196  -196  -196  -196  -196  -196  -196  -196  -196  -196  -196  -196  -196  -196  -196  -196  -196  -196  -196  -196  -196  -196  -196  -196  -196  -196  -196  -196  -196  -196  -196  -196  -196  -196  -196 
 -247  -243  -238  -207  -175  -175  -175  -175  -175  -175  -175  -175  -175  -175  -175  -175  -175  -175  -175  -175  -175  -175  -175  -175  -175  -175  -175  -175  -175  -175  -175  -175  -175  -175  -175  -175  -175  -175  -175  -175  -175  -175  -175  -175  -175  -175  -175  -175  -175  -175  -175  -175  -175  -175  -175  -175  -175  -175  -175  -175  -175  -175  -175  -175  -175  -175  -175  -175  -175  -175  -175  -175  -175  -175  -175  -175  -175  -175  -175  -175 
 -222  -219  -215  -181  -146  -146  -146  -146  -146  -146  -147  -147  -147  -147  -147  -147  -147  -147  -147  -147  -147  -147  -148  -147  -147  -148  -147  -147  -147  -148  -147  -147  -148  -148  -147  -148  -149  -149  -149  -149  -149  -149  -150  -149  -148  -147  -148  -148  -148  -149  -149  -148  -149  -149  -150  -150  -150  -149  -149  -149  -149  -148  -149  -149  -148  -148  -148  -147  -148  -149  -148  -148  -147  -147  -147  -148  -148  -147  -146  -147 
 -204  -202  -198  -162  -125  -127  -125  -126  -125  -126  -125  -125  -125  -124  -124  -124  -125  -125  -125  -125  -126  -126  -126  -126  -127  -126  -126  -125  -126  -125  -124  -124  -125  -125  -124  -125  -127  -127  -127  -126  -126  -126  -127  -128  -126  -125  -125  -126  -126  -128  -127  -126  -126  -127  -127  -127  -127  -128  -128  -127  -128  -128  -129  -129  -129  -129  -127  -125  -127  -127  -126  -126  -125  -124  -124  -125  -126  -125  -123  -126 
 -188  -185  -182  -143  -105  -106  -105  -106  -105  -106  -105  -105  -105  -103  -104  -104  -106  -107  -106  -106  -109  -109  -110  -110  -110  -110  -109  -108  -107  -107  -105  -104  -105  -105  -103  -104  -107  -108  -108  -108  -109  -108  -109  -110  -108  -107  -107  -106  -105  -106  -105  -105  -104  -106  -104  -104  -105  -106  -106  -106  -106  -106  -107  -107  -107  -106  -105  -103  -105  -106  -104  -104  -104  -103  -104  -106  -106  -105  -103  -105 
 -176  -172  -168  -128  -87  -87.9  -86.5  -85.8  -85.9  -87.2  -87.9  -87.9  -87.7  -85.4  -87.2  -87.3  -90.2  -91.3  -89.9  -89.2  -90.6  -90.8  -93.3  -92.4  -92.9  -92.6  -90.6  -89.7  -89  -89.7  -88  -86.8  -88.8  -87.2  -84.3  -86.1  -88.9  -90.1  -89.2  -90.1  -89.8  -87.8  -88.9  -89.8  -86.4  -85.6  -86.2  -85.5  -84.6  -85.7  -85.7  -86.7  -86.7  -88.3  -88  -86.9  -87.6  -89.4  -90.5  -89.7  -89.9  -91  -93  -91.9  -92.6  -91.7  -90.4  -86.8  -88.5  -88.5  -87.2  -87.2  -86.3  -86.1  -86.8  -89.2  -89.9  -89.3  -88.2  -89.5 
 -161  -159  -156  -113  -69.7  -69.4  -67.8  -68.3  -69.5  -72  -72.8  -72.8  -72.5  -71.5  -73.3  -73.5  -75.3  -76.4  -75  -73.2  -73.5  -74  -75.3  -74.5  -74.7  -74.4  -71.5  -69.7  -70.2  -70.8  -68.8  -67.7  -69.7  -68.1  -65.2  -66.7  -70.5  -70.5  -69.6  -70.7  -70.7  -68.7  -69.7  -70.6  -67.5  -65.5  -67.3  -66.4  -66.4  -68.4  -68.7  -69.9  -70.2  -72.7  -72.7  -70.3  -72.2  -73.1  -73  -73.1  -73.3  -75.4  -77.4  -76  -77  -76.1  -74.5  -71.2  -71.8  -72.6  -71.3  -70.4  -70.7  -70.5  -71.2  -73.6  -75.2  -74.9  -72.6  -72.7 
 -148  -145  -142  -98  -53.9  -54.6  -53  -52.3  -53.7  -56.2  -57.9  -57.9  -56.5  -55.4  -56  -57.2  -59.2  -60.1  -59  -56.2  -56.5  -57.3  -57.6  -57  -57.2  -57.9  -55.2  -53.4  -53.6  -54.5  -52.3  -52.1  -55.1  -52.3  -48.2  -49.7  -54.5  -54.4  -53.3  -54.4  -53.5  -51.4  -52.7  -53.9  -51.7  -48.5  -51.5  -50.6  -51.8  -53.6  -52.9  -55.1  -56.2  -57.6  -57.8  -54.5  -56.6  -57.5  -58.7  -58.7  -58.9  -60.1  -63.3  -62.8  -63.8  -62.7  -61.1  -56.8  -57.4  -58.3  -56.9  -54.8  -53.9  -53.5  -55.3  -56.6  -58.2  -57.8  -55.6  -55.5 
 -138  -134  -131  -85.8  -39.8  -40.5  -37.7  -38.2  -40.8  -42.1  -43.8  -43.8  -42.4  -41.1  -41.7  -43.1  -45.1  -45.1  -45.1  -43.3  -43.7  -44.4  -46  -45.3  -46.5  -47.2  -44.5  -42.7  -41.7  -42.9  -39.4  -39.2  -41  -37  -31.9  -33.4  -38.2  -38.2  -36.7  -39.1  -38.2  -37.3  -39.9  -41.9  -39.5  -36.3  -39.3  -38.7  -39.9  -40.7  -39.1  -41.2  -42.4  -43.7  -42.7  -40.7  -43.7  -43.4  -44.6  -44.6  -43.9  -45  -48.5  -49.3  -50.2  -47.9  -46.3  -41.7  -43.3  -45.1  -42.6  -40.5  -38.4  -37  -39.1  -40.6  -43.4  -43  -39.6  -39.5 
 -125  -123  -119  -73.2  -25.2  -25.6  -22.8  -22.3  -25.2  -27.7  -29.4  -29.6  -28.2  -28.1  -30  -31.4  -33.2  -34.1  -33.2  -31.3  -31.7  -31.2  -31.6  -29.9  -32.1  -34  -30.3  -28.5  -27.5  -28.5  -25.3  -25.1  -27.8  -23.8  -17.7  -19.3  -23.8  -22.5  -21.1  -23.5  -22.8  -21.9  -23.5  -25.3  -23.9  -20.7  -23.7  -23  -24  -24.8  -22  -24.1  -25.3  -26.6  -26.9  -24.8  -28.1  -29  -30.2  -30.5  -29.5  -30.9  -33.1  -32.9  -34.1  -32.8  -29.9  -25.4  -26.7  -29.8  -27.2  -26.3  -24.2  -23.8  -24.7  -27.4  -30.2  -30.1  -26.7  -26.3 
 -114  -112  -108  -61.4  -11.3  -11.4  -8.62  -8.15  -12.3  -15.1  -16.8  -16.8  -14.1  -15.2  -18.3  -20.8  -22.5  -22.4  -21.5  -19.7  -20.3  -19.8  -19.2  -17.5  -18.5  -20.4  -17.7  -15.6  -13.4  -15.3  -13.4  -12.9  -14.7  -11.9  -4.85  -5.39  -10.2  -10.1  -7.49  -9.85  -9.15  -9.28  -9.62  -11.5  -10  -6.81  -9.83  -9.16  -10.1  -11.2  -8.33  -10.7  -12.9  -14  -15.2  -11.9  -15.5  -15.4  -16.5  -15.6  -14.6  -15  -17.3  -17  -19.5  -19.1  -16.3  -11.5  -13.1  -15.9  -14.3  -13.7  -10.4  -8.91  -9.8  -13.5  -16.6  -16.5  -14.3  -12.6 
 -107  -106  -102  -54.1  -4.34  -4.23  -1.42  -1.94  -5.84  -9.63  -11.1  -11.1  -7.4  -8.55  -10.8  -14.4  -15.9  -16.1  -14  -12.3  -12.7  -12.2  -10.4  -11.1  -10.8  -10.6  -10  -9.19  -6.77  -7.8  -6.71  -6.02  -6.66  -4.88  1.03  2.57  -0.0806  -1.31  1.6  -1.76  -1.54  -1.68  -0.147  -1.96  -1.61  0.268  -1.89  -2.48  -2.19  -1.91  0.95  -2.3  -3.62  -4.46  -4.36  0.202  -4.23  -5.62  -7.04  -5.99  -4.75  -7.03  -8.14  -8.18  -12.8  -11.4  -7.57  -3.61  -4.28  -6.24  -3.65  -4.26  -2.02  0.19  -0.665  -4.31  -7.43  -8.16  -7.3  -4.84 
 -99.6  -96.8  -92.6  -43.2  8.53  9.49  10.9  9.37  4.59  1.91  -0.684  -0.449  2.96  0.44  -2.89  -6.54  -6.17  -6.35  -4.2  -2.53  -3.33  -3.83  -1.5  -0.846  -0.321  -0.981  0.779  0.454  1.84  0.962  2.17  2.61  1.96  3.52  8.16  8.43  6.93  5.7  8.35  5.02  4.23  2.83  4.59  4.9  5.4  6.01  3.62  3.26  2.51  4.95  8.19  4.97  2.79  1.8  1.8  6.36  3.07  3.57  2.15  1.93  4.02  1.59  0.48  -0.573  -4.94  -3.82  -2.11  0.745  0.955  -1.63  1.11  1.77  5.28  7.49  6.89  4.74  1.62  2.16  2.8  6.11 
 -93.4  -93.1  -90.2  -40.2  13.1  13.6  15.9  15.4  10.6  7.93  6.85  6.85  10.5  5.85  3.92  0.268  1.54  2.24  4.53  5.82  7.17  6.9  11.4  12  11.4  11  10.8  10.5  12  10.2  10.1  8.37  7.46  9.05  11.5  11.5  9.9  9.8  13.5  12.3  12.7  9.35  9.83  11.2  12.9  14.8  10  7.74  5.86  8.44  12.7  11.7  9.52  8.26  6.86  12.4  10  9.51  8.32  8.1  9.32  6.88  6.27  4.2  0.323  0.317  3.94  6.57  6.77  4.04  5.51  4.89  8.62  9.56  10.1  7.95  5.06  5.83  5.56  10.2 
 -86.8  -87.6  -84.8  -33.9  20.2  19.6  20.8  18.3  14.2  12  13.1  13.1  16.6  12.2  11.1  9.02  11.2  12.2  12.9  13.3  14  13.5  18.6  19.4  19.4  19  16.6  17.3  17.6  15.3  15.3  12.5  11.5  12.2  14.8  15.7  13.1  14.3  18.3  16.4  16.6  12.1  11.3  12.6  13.3  15.4  11.7  9.19  8.33  11.1  17.9  19.3  16.1  15  15.8  19  16.4  16.7  16.7  16.5  17.5  17  18.6  15.1  12.4  11.6  14  15.5  14.4  9.5  9.94  8.03  12  14.3  14.6  13.8  10.9  11.7  13.6  18.6 
 -84.8  -84.6  -83  -31.4  23.3  20.5  21.5  21.2  18.2  17.2  19.4  20.4  23.6  19  19.1  17.2  18.2  18.9  20.7  20.2  20.2  20.2  25.5  25.2  26.3  26.1  22.8  22.6  24  21.7  21.2  18.4  18.7  19.4  22  21.7  19.9  19.7  23.5  22  22.5  17.8  15.6  15.7  16.5  17.8  15.5  12.8  12.6  16.3  23.3  25.9  24  25.2  26.3  28  26.5  26.2  23.8  24.5  25.4  24.8  26.4  22.7  20.2  18.4  20.6  23.6  21.4  16.4  18.1  15  20.2  22.7  23  22.2  20  20  20.7  24.5 
 -81.9  -81.6  -80.1  -26.7  29.6  27.8  29.8  29.4  26.6  24.3  26.4  26.1  26.8  21.2  20.3  19.3  20.6  20  23.4  21.9  21.9  23.5  29.1  27.8  29.1  28.9  25.8  25.3  27.5  25.5  24.4  22.4  23.6  22.8  25.5  26.5  24.7  24.5  29.3  26.8  26.3  22.9  20  20  21.8  23.1  22.1  18  20.3  22.8  27.5  32.4  30.4  30.2  31.5  32.5  31.3  30.7  30.5  31.2  31.9  30.3  33.4  30.6  28.1  27.1  28.3  30.3  29.1  23.1  25.9  21.3  25  27  28.5  26.5  24.3  23.2  24  27.5 
 -76.6  -77.2  -75.8  -20.6  35.2  33.7  34.7  36.8  34.3  30.8  31.7  32.5  33.2  28.4  26.2  25.5  26.8  26.5  29.8  30.3  30.4  31.9  39  39  40  39.7  36.4  37.2  38.2  35.4  33.1  31  29.7  28.8  30.3  31.3  29.2  27.9  32.5  31.2  30.7  29.8  28.4  29.4  30.9  32.5  32.8  30.3  32.6  32.8  35.2  40.2  38.4  38.4  38.5  40.5  40  37.9  37.7  39.4  37.8  36.3  39.6  36.7  34.2  30.9  31.1  33.9  32.6  27.5  27.8  23.2  26.8  26.8  29.8  29.2  28.1  28.1  27.7  32.3 
 -73.9  -74.9  -74.8  -19.2  37.2  35.6  35.6  37.8  36.6  33  35.3  37.4  39.3  35.8  34.8  35.4  35.4  36.4  38.7  39  37.9  38.2  42.8  40.5  42.2  44.5  40.2  41  42.3  40.3  38.2  37.5  38.5  37.8  38.1  39.1  37.8  35  38.5  37  36.7  35.8  33.2  33.9  36.1  37.7  38  35.5  36.5  35.4  35.3  39.1  36.3  36.3  37.9  40.1  40.9  41.2  40.9  42.9  42.1  40.9  41.9  36.7  34.2  31.9  29.7  33.6  32.1  28.2  28.5  25.1  29.7  30.7  31.5  33.1  32.1  33.4  31.8  36.2 
 -69.4  -68.2  -69.1  -13  43.8  42.3  42.1  42.9  41.8  37.1  39.7  40.5  42.6  38.9  37.8  38.4  38.4  39.4  42.8  43.1  43.3  42.3  45.9  44.9  46.4  49.8  45.4  44.9  44.7  43.9  44.5  44.8  43.5  44.3  42.5  43.6  43.6  42.1  43  41.2  39.6  40.8  36.9  37.6  39.9  41.5  41.8  40.6  41.6  40.7  40.6  43.3  42.9  42.9  44.4  45.7  46.4  46  46.8  47.8  48.4  45.8  46.6  42.4  41.2  40.1  36.7  40.3  37.7  33.6  33.7  30.6  34  34  34.5  38.5  37.7  40.3  40  44.2 
 -65  -64.7  -66.9  -10.5  47.8  46.1  46.1  48.2  47.9  43.2  45.8  45.5  47.9  44.5  42.4  43.6  42.3  43.9  45.9  46.2  47.6  46.6  49.1  50.5  51  54.5  49.7  50.5  50  49.5  48.7  47.4  46.1  46.9  44  44.1  43.9  43.9  43.2  43.5  43.2  43.3  38.4  39.9  43.3  45.4  44.4  44.4  43.1  42.2  43.2  47.1  47.1  47.2  47.1  47.1  48.9  50.8  51.8  51.9  52.4  50.9  51.4  48.6  48.5  45.4  40.9  44.1  41.7  36.3  35.2  33.6  35.9  34.9  35.1  40.1  39.6  41.9  43  46 
 -65.1  -63.9  -67.4  -10.8  48  47.8  49.2  52.8  52.9  48.1  50.9  50.6  53.3  48.9  45.4  45.6  41.8  42.1  44.2  44.2  47.1  46  49.7  50.7  51.2  55.5  50.6  51.6  52.3  50.3  48.5  47.5  47.5  49.7  47  49.4  47.6  47.8  46.4  47.5  46.9  48.2  41.9  43.5  45.6  50.4  49  50.5  50.7  49.9  49.6  54.2  53  53.2  50.8  49.7  51  51.6  51.3  51.2  51  50.7  52.5  52.1  53.1  49.2  44.7  49.2  47.9  43.2  41.9  39.1  40.2  39.1  40.2  43.9  42  42  43.1  46.4 
 -65.9  -63.1  -64.3  -8.38  51.1  51.2  53.6  56.2  56.3  52.8  54.1  54.1  57.6  52.8  48  48.2  44.4  45.2  44.7  44.9  46.8  45.7  48.3  49.4  50.5  54.5  49.2  51.5  52.4  50  49.5  50.6  52.2  53.8  53.8  57.2  56.7  55.6  54.5  53.2  52.9  55  50  49.2  48.9  51.1  52.1  53.2  54.5  52.1  49.5  52  50.5  51  50.2  47  48.3  50.4  49.1  49  48.5  49.3  52.2  52.5  53.3  49.4  43.6  48  46.8  43.4  42.3  40.5  41.5  42.8  45.3  47.9  47.1  47.1  48.1  51.3 
 -62.6  -60.1  -60  -5  54.8  55.7  59.2  63.1  63.4  59.7  58.9  58.6  63.2  58.1  53.3  52.5  47.4  46.5  47.3  48.6  49.1  47.2  49  49.1  50.4  55.5  52.9  54.2  56.3  56.3  57.1  59.3  62.2  63.3  60.8  64.1  63.2  59.5  56  55.7  54.4  56.5  53  53.3  53.3  56.8  59.2  60.6  59.5  58.2  54  55  53.6  54.1  50.7  48.8  51.4  54.9  53.6  53.8  53.9  53.6  55.3  57.2  58  55.1  49  53.2  53.2  49.5  50.8  48.9  48.3  48.3  50.7  53.1  52.8  51.5  52.6  54.4 
 -60.6  -59.6  -57.9  -2.84  57.3  59.2  63.8  65.6  65.9  63.3  62.8  60.1  65  60.9  56.1  54.2  50.2  50.8  49.4  50.1  50.4  47.1  47.7  48.8  49.9  53.6  49.9  52.6  53.6  54.7  57.2  59.6  61.2  62.3  60.9  66.2  64  61.9  59  58.5  55.7  58.4  56.5  57.1  57.3  60.5  61.3  62.4  61.6  60.3  54.7  54.7  53.4  52.3  49.9  48.3  49.9  52.8  53.8  55.5  55.5  56.3  58.2  60.4  62.3  61.8  55.7  58.8  58.6  55.6  55.9  54  53.1  53.2  55.6  56.9  55.5  54.1  55.2  55.7 
 -58.3  -59.7  -56.9  -1.55  59.2  61.1  64.3  66.2  66.5  65.2  65.8  64.7  69.5  66.2  62.5  60.9  57.1  58.4  55.7  57.6  56.5  53  52.5  54.6  55.4  60  56.2  58.1  57  58.1  59.7  61  62.7  63.7  61.4  64.3  63.1  61  58.1  59.7  57  57.2  56.7  57.5  57.8  61.1  62.9  65  61.8  62.7  59.5  56.7  56.2  55.4  51.6  49.8  51.3  55.9  54.8  56.7  57  58.1  61.1  64.4  66.3  65  59.7  62.9  61.3  59.3  57.2  54.2  53.6  54.2  55.2  56.5  55.2  55.1  56.2  58 
 -57.5  -57.5  -54.7  0.6  62.7  64.6  67.6  69.2  69.2  66.8  68.4  66.2  69.9  65.9  62.1  61.6  58.2  59.2  57.9  58.4  57.3  53.8  52.7  54.9  57.1  61.3  56.7  57.3  56.2  58.6  60.3  61.8  64.5  64.5  61.3  65.6  66.1  65.3  62.2  63.8  61.1  60.2  58.4  60.2  60.2  61.9  62.1  62.9  59.7  61.6  58.3  55.6  54.8  52.7  50.3  48.9  50.8  56.7  54.5  56.5  58.1  59.2  63.3  67.9  68.4  68.2  62.8  66.3  65.7  64.9  64.1  61.1  59.5  62.5  62.2  63.5  61.9  59.7  59.7  60.7 
 -55.7  -55.5  -51.5  5.45  67.5  68.8  72.6  74.3  73.2  71  72.7  69.2  70.2  65.1  60.2  58.7  55.2  56  56  55.4  55.6  53.5  55.2  59.8  61.9  66.2  63  63.3  61.9  63  64.6  64.6  66  64.6  61.4  64.3  64  63.5  61.4  63.3  60.6  59.7  58.1  60.3  60.6  60.8  61.1  60.7  58.6  60.7  59.1  58.8  58.8  58  56.4  55.9  56.7  60.2  59.1  61.1  61.6  62.7  67.6  73.8  74.9  74.6  71.4  73.9  73.3  71.1  70.3  66.2  63.2  65.9  67.8  68.4  67  63.7  64.8  64.8 
 -55.2  -56.1  -52.4  4.75  65.7  65.3  69.4  73.8  72.6  70.5  71.8  68.3  69.1  65.3  61.8  61.3  57.8  57.5  57.5  57.2  57.5  55.6  58.4  63  64.1  67.3  66.3  67.6  66.5  67.4  67.6  65.2  67.9  67.3  65.2  66  64.9  63  62.5  65.8  65.5  63.3  62  62.8  63  63.3  64.7  61.6  59.7  62.2  59.4  60.2  60.2  59.1  58.6  56.8  58.9  60.8  58.6  60.3  58.4  59.5  66  71.2  73.6  73.4  72.6  74.8  76.9  76.1  75.3  70.9  67.9  70.3  72.2  70.3  69.3  63.3  63  63 
 -54.3  -55.2  -49.9  8.79  70.2  69.6  73.3  78.6  76.4  75.2  76.6  73.9  71.9  67.8  64.3  62.7  60.8  60.3  60.3  59.7  59.2  57.4  59.8  63.4  65.6  67.2  66.1  67.4  66.9  67.1  69.9  69.1  71.8  71.2  69.3  71.4  69.3  65.7  65.5  67.7  66.3  65.2  65.3  65  62.8  61.7  65.8  64.1  62.2  64.1  60.3  58.3  58.1  58.4  60.6  58.7  59.8  62  59.8  61.5  60.7  62.9  68  71.8  74.3  74.9  74.1  76.8  80.1  80.9  80.3  75.6  72.6  73.7  75.8  72.6  71.5  65.8  63  64.4 
 -52.6  -54.9  -48.4  9.31  70.9  68.9  70.2  76.6  74.1  74.1  75.7  71.9  71.3  67.2  65  65.8  65  65.8  64.8  63.9  63.1  61  63.2  66.7  68.6  68.1  66.7  69.4  69.2  69.7  72.4  71.9  73.5  71.9  72.1  72.1  71.1  65.8  68  70.3  70  68.9  70.3  69.2  68.4  66  71.4  68.1  66.2  66.7  61.5  57.1  57.7  57.7  61.5  61  61.3  63.7  63.2  66.2  67.6  70.1  75  76  76  77.7  76.6  77.9  80.1  78.8  77.1  72.8  71.1  73.3  75.8  73.9  73.9  70.6  67.8  69.2 
 -46.1  -50  -46.1  12.9  73.2  71  71.2  77.5  75.1  74  77  72.9  71.5  69.8  68.7  69.9  69.1  69.6  68.5  69  68.2  66  68.5  72.1  72.3  71.5  71.5  74.2  71.2  73.1  74.5  72.6  72.9  71.5  69.3  68.2  67.1  64.4  66.6  71.3  71  70.2  73  73.3  72.4  71.3  75.7  73.5  70.2  71  65.8  61.1  63  64.4  66.6  66.1  66.6  68.8  68  71  73.7  75.1  78.4  80  80  81.7  81.1  83.6  85.8  83  81.1  77.3  75.4  77.8  78.7  77.8  77  74.9  73.5  74.9 
 -47.1  -50.6  -49.4  9.68  69  68.5  67.9  73.9  71.5  71.8  75.6  73.1  71.8  71.2  69.8  69.3  71  73.1  70.7  69.8  69.8  68.7  71.2  73.6  75.3  73.3  71.7  75.5  71.4  72.5  72.8  72.3  72.3  71.2  70.1  69.3  69.8  69.5  72.9  76.2  75.9  76.2  78.7  78.2  76  73.5  76.8  73.2  72.7  72.1  67.4  63  65.7  68.2  70.4  68.5  69  68.5  67.7  70.1  72.3  74  76.1  76.4  77.5  79.2  78.9  81.6  82.7  81.6  77  74.5  75  76.4  76.9  77.2  74.8  75.1  71.2  73.7 
 -41.2  -44.4  -43.2  15.9  75.1  73.1  70.4  77.2  74.5  72.3  76.2  75.1  73.7  73.7  71.2  72.9  72.4  73.7  72.3  71.8  71.8  72  73.1  76.7  77.2  77.8  75.8  79.4  76.1  75.8  74.5  74.8  74.8  72.6  70.4  69.9  71.8  70.1  73.5  77  78.1  78.4  81.8  80.9  77.1  74.9  79.8  76.2  75.4  74.8  71.3  66.8  69.8  72.6  72.3  70.1  71.8  71.8  68.8  68.8  71.2  72.9  75.9  75.9  74.8  75.1  73.4  77  79.5  77.3  70.9  69  70.9  73.4  74.2  77  76.2  77.6  75.1  80.4 
 -37.4  -40.6  -41.9  15.9  75.1  73.5  70.7  76.8  72.9  71  76.3  76.3  77.4  76.3  72.4  73.8  72.7  75.8  73  71.3  71.3  70.5  72.7  76.2  76.8  77.9  75.9  81.7  78.1  78.9  77.6  79.2  79.2  77.6  75.1  75.7  77.6  77.1  79  82.9  84  84.3  87  86.2  81  76.3  79.1  75.7  74.6  71.6  68.3  65.3  68.6  71.3  73.8  73  73.5  72.1  70.2  69.7  72.4  72.4  74  71.6  70.5  71.6  71.3  74.9  76.5  74  70.2  69.6  72.7  73.5  74.6  77.6  77.9  80.4  77.9  81.8 
 -36.2  -40.8  -42.4  14.4  73.7  71.4  70  76.4  72.5  71.4  78.1  78.3  81.9  80.8  78.7  78.7  77  78.9  76.4  73.7  73.7  72.6  75.1  77  77.8  79.2  79.7  85.2  81.6  81.8  80.7  82.1  82.4  80.5  79.1  78.3  77.8  78  80.6  84.4  85.5  85.8  90  88  82.8  79.5  82.5  77.8  76.4  73.4  70.1  67  70.6  74.8  77.2  75  76.7  74.5  72.6  72  73.4  72  72.6  70.1  71.4  71.4  70.9  74.5  76.1  73.9  71.4  69.5  72.5  72.3  73.4  75.3  75.9  78.4  75.6  79.2 
 -37.3  -39.5  -41.5  14  72.2  70.3  69.2  75.8  72.2  71.9  76.9  78.6  83.5  84.6  83.5  83.5  83  83.5  79.7  77.2  75.8  74.7  74.7  75.8  76.9  75.5  76  82.1  78.5  79  77.7  79.3  79.3  78.5  78.8  79.1  78  79.6  82.1  86  88.5  87.7  91.5  88  81.6  78.6  80.3  76.6  75.5  72.2  68.6  63.1  67  71.1  72.5  70.3  73.1  70.9  69.2  69.8  72.5  72.5  73.1  70.3  70.3  69.2  68.9  72.2  73.9  71.7  68.9  68.1  72.5  72.5  72.5  72.8  73  75.5  72.8  77.5 
 -38.7  -39.8  -41.5  14  73.6  71.9  69.7  73.6  69.7  72.2  76.1  79.9  85.2  86.3  86.3  87.7  88.2  89.9  83.5  80.8  77.2  77.2  75.8  75.8  76.9  75.5  73.8  81.3  77.7  79.3  77.9  79.6  79.3  76  76.3  78.8  76  80.2  82.7  85.2  87.6  87.1  90.7  88.8  82.7  79.7  80.5  78  76.9  72.2  70  66.1  68.6  71.4  74.2  73.1  75  72.8  72.6  71.7  74.2  73.1  73.3  70.3  68.9  67.2  66.9  70.2  70.5  68.3  67.8  67.2  70.5  69.4  69.7  70  70  75  73.6  77.5 
 -39.1  -40.5  -42.2  12.9  72.5  71.1  70  71.4  67.3  68.7  72.8  76.7  83.6  84.4  85.8  88.6  89.9  91.8  85.5  82.7  77.8  76.4  75.3  75.3  75.6  74.8  74.5  81.9  77  80.3  79.1  80.5  80  77.5  77.5  77.2  75.8  82.4  84.7  87.2  89.9  89.7  90.8  88.9  85.3  83.1  82.8  78.9  77.5  71.7  69.2  68.1  70.6  72.3  74  72.8  75.9  72.3  73.4  72.9  74  71.8  73.1  70.1  68.4  65.9  67  70  68.7  66.4  65.6  64  68.7  67.8  69.2  70.9  70.6  74.5  74.5  79.7 
 -35.5  -37  -41.1  15.3  74.8  73.7  74  74.3  70.2  70.2  74  80.4  85.6  87.6  88.6  90  90.3  91.9  87  83.4  77.1  76  74.1  74.4  74.6  76  74.9  81  76.8  80.1  80.1  79.8  77.6  73.8  72.7  74.6  73.5  81.4  82.3  82.6  85.6  85.4  87.9  85.7  79.6  77.1  75.8  73.5  71.9  67.2  66.1  66.1  69.1  72.2  72.4  71.1  73.8  70.2  71.1  71.9  72.2  69.4  71  69.4  68  65.5  69.1  71  68.3  65.8  63.8  60.5  64.9  64.1  65.5  66.1  67.2  71  72.1  78.7 
 -38.2  -39.6  -42.4  14  74.8  74  74.5  75.9  70.4  71.5  75.6  80.6  84.5  85.3  86.1  87.2  87.7  89.4  85.8  82  75.6  75.6  73.1  73.4  75.1  76.8  76.8  81.4  78.4  82.8  84.1  84.4  82.5  78.6  78.4  80.5  79.4  86.6  86.1  85  87.5  87.2  88.3  86.4  80.1  77.3  75.7  73.7  71.2  65.4  65.2  66.5  68.2  71.2  72.1  72.1  74.6  72.1  75.4  75.1  74  69.9  70.4  67.1  64.3  60.8  64.1  63.8  62.4  61  61.6  59.1  64.8  63.7  66.8  66.2  68.4  70.9  69.5  75.3 
 -38.5  -41.6  -42  14.3  75.1  72.6  72.9  74.3  69.8  68.4  74  77.5  81.4  82.5  83.9  85.3  84.7  85  83.9  78.9  73.2  72.1  69.3  70.7  72.1  73.7  75.1  78.7  76.7  79.5  80.6  79.5  77.2  73.7  74.8  77.2  76.1  83.6  83  84.7  87.2  84.7  85.5  83.1  77.5  74.8  72.9  72.3  67.1  62.6  62.1  63.5  64.3  66.3  68.2  69.3  70.4  70.7  73.7  73.7  72.9  69.6  71.2  68.2  64.3  62.1  65.1  65.1  65.9  64.3  65.1  61.5  66.2  66.5  69.5  67.9  71.4  72.8  71.7  76.4 
 -42.3  -45.4  -45.8  10.6  71.3  69.1  70.5  72.1  66.9  68.3  72.4  75.7  79.6  79.3  80.6  82.3  82.8  83.9  81.5  76.5  70.7  69.1  69.1  70.5  71.6  71.8  74.6  78.4  77.8  80.8  82.5  80.3  78.1  74.5  74.3  75.6  74.2  80.6  78.7  78.7  79.8  77.4  78.5  78.7  73.2  70.5  68.3  68  64.4  60  58.3  59.7  59.2  61.1  64.5  67.2  69.7  69.4  74.9  77  75.7  72.3  73.9  69.5  66.5  64.3  68.7  67.3  67  65.7  67.9  64  69  68.1  70.9  68.2  71.4  71.7  70.6  73.7 
 -46.2  -48  -47.1  9.28  68.4  65.7  67.3  69.8  65.6  66.7  69.5  71.1  75.2  76.3  78  79.6  80.7  79.1  79.4  73.1  67.6  64.6  64.6  66.2  67.3  67.3  71.1  73.9  75.7  77.7  80.4  77.9  74.4  70.5  70.2  71.9  70.2  75.7  73.9  73.8  75.2  75.3  76.6  75.5  70.1  68.4  65.9  66.7  64.5  60.1  55.8  57.1  57.7  59.6  61.9  63.2  65.7  64  70.9  74.4  72.8  70.8  73.8  69.4  67.8  65.5  68.8  67.5  68.5  68.8  68.9  63.6  68.8  69.1  71.9  69.9  72.1  69.7  67.2  71.6 
 -49.3  -51  -50.9  6.64  64.5  63.4  64  66.1  64.7  64.7  67.2  69.6  71  72.9  74.2  74.8  75.1  73.2  73.2  68.3  63.1  60.4  60.3  62  64.2  65.5  67.9  72.3  74.2  75  77.5  74  70.7  67.1  66.6  68.2  67.6  72.1  71.2  71.2  73.7  73.1  74.2  73.1  68.2  66.6  63  65.2  64.7  59.5  56.5  57.8  57  58.4  59.3  62.8  63.9  61.7  69.6  72.4  71.8  71.2  74.2  69.6  67.1  65.9  69.5  66.8  67.9  65.7  64.3  59.5  64.9  63.6  66.3  65.7  67.9  66.3  65.2  69.6 
 -49.2  -53.4  -53.3  4.07  63.1  60.9  61.5  62.3  60.6  60.9  63.6  64.7  67.4  68.2  70.9  72.3  73.6  73.4  73.1  69.3  65.5  61.4  62.2  63.2  65.7  67.3  68.1  71.1  74.1  73.6  75  71.7  69  65.4  64.8  67.1  66.8  69.8  69  69  69.8  69  69  68  63.9  64.7  62.5  64.7  63.8  60  57  59.5  58.7  57.6  58.2  60.9  62  62.2  67.7  69.3  67.4  66.5  70.9  65.1  62.4  62.7  63.8  62.4  64.8  65.4  64.6  58.6  63  63  64.4  66.5  68.7  65.7  63.3  67.4 
 -51.6  -56  -57.2  1.04  59.6  59.6  60.9  64.4  64.1  64.4  68.5  68.4  69.8  70.6  72.5  72.7  71.7  70.6  71.4  67.3  65.6  60.5  60.5  60  61.1  63.8  65.4  67.3  70.5  69.2  70.6  69.5  68.1  67  66.7  66.7  67.8  69.5  68.1  69.5  69.2  68.4  68.4  66.8  63.8  64.3  60.8  63.2  61  57.3  52.9  54  52.2  52.5  51.7  54.4  55.2  56.8  60.9  65  64.7  66.2  69.2  63.8  62.4  61.8  63.2  63.4  66.1  65.3  63.4  57.7  62.1  63.2  65.7  67.6  68.4  64.4  60.6  64.5 
 -53.6  -57.6  -60.3  -3.34  54.9  54.9  55.5  61.4  61.1  62.7  66.5  66.8  67.8  68.9  70.8  69.7  67.9  66.5  67  61.9  62.7  58.9  57.6  55.7  56.5  59  59.5  61.7  67.1  64.4  64.4  64.4  64.3  64.8  65.9  68.3  68.1  68.6  67.3  68.6  68.1  67.3  68.4  65.4  61.3  60.8  55.9  59.7  58.9  55.5  51.1  50.8  50.3  50.3  49.2  53  52.4  55.4  59.4  63.2  63  64.3  67.5  63.4  62.5  63.1  63.1  63.1  66  65.2  62.3  56.6  59.7  61.6  62.7  64.6  65.7  62.8  57.7  61.5 
 -58.7  -62.5  -64.1  -7.69  50  49.7  51.6  56.2  54.9  57  59.8  58.9  60.5  60.9  64.1  62.7  63.3  62.2  61.1  58.1  60  57  56.5  54.4  55.7  57.1  60  63.5  66.8  63  62.2  63.6  63.8  65.4  66.5  66.5  66  67.9  67.9  70.3  69.7  70.3  69.7  67.1  65.1  65.1  58.9  61.3  59.2  53.6  48  46.9  46.1  46.4  45.1  50.2  49.6  53.6  59  62.7  63.5  63.8  64.3  61.5  61.5  63.4  62.3  63.1  67.2  66.4  65.6  62.4  63  64.1  63.8  65.7  64.7  59.3  54.2  56.6 
 -59.7  -62.1  -65.1  -8.98  48.2  49.2  51  54.5  54.6  55.4  55.4  57  58.7  59.2  62.5  59.8  59.8  57.7  55.3  53.6  54.5  50.4  50.1  48  49.4  51  52.9  57.4  60.6  57.1  57.4  57.1  56  58.9  60  61.1  60.6  61.1  59.8  62.5  62.2  62.7  61.9  59.3  58.4  58.7  52.8  55.2  53.9  50.4  45.1  44  43.2  42.1  39.5  45.3  44.8  48  52.6  57.4  58.1  59.8  60.6  60.5  62.2  65.1  63.8  64.3  68.3  67.8  65.9  61.6  59.9  59.6  58  61  58.6  53.2  49.4  51.3 
 -61.8  -61.7  -65.7  -9.88  48  49.3  51.2  54.4  52  53.9  52.9  54.5  56.3  55.8  59  57.5  56.4  56.7  54.3  53.7  54.5  50.2  50  46.6  46.9  48.5  48  52.5  54.5  51  51.3  52  52.5  56.2  55.9  58  57.2  56.4  56.4  57.7  56.4  57.7  56.2  54.8  53.9  54.5  49.7  51.8  52.9  48.3  43.2  43.5  44  42.9  39.3  45.4  43.9  45.7  51.3  56.1  56.6  57.1  58  58.9  60.5  63.2  62.4  62.6  65.6  65.1  64.3  61.3  58.2  57.7  56.6  58.3  55.9  49.2  46.8  48.7 
 -62.7  -61.7  -64.8  -9.32  48.2  50.6  52.4  55.9  54.9  54.2  53.2  53.7  55.6  56.1  58.1  54.1  51.8  50.7  50.9  50.3  51.1  46.9  45.3  41.8  43.7  46.6  46.3  48.2  49.1  46.7  45.6  45.3  44.8  49.6  49.4  50.9  51.7  52  53  55.7  55.7  57.8  54.9  52.2  51.7  51.9  47.1  48.2  49.2  45.7  40.9  41.2  41.7  40.7  35.7  40.7  39.1  41.2  45.7  49.4  50.2  50.8  51.6  54.9  56.8  58.1  57.3  56.6  60.8  61.1  60.3  56.3  50.9  49.8  49.7  50.9  49.8  43.9  40.1  43.3 
 -65  -63.8  -67.9  -12.8  45.7  47.3  47.9  50.3  48.3  48.5  46.2  48.1  49.9  50.2  53.1  50.2  47.6  47.8  46.7  48.7  50.6  47.7  44.8  40  40.9  43.8  43.7  44.6  44.1  42  39.6  39.9  40.8  45.5  46.6  46.6  48.6  47.6  47.4  48.7  48.5  50.5  48.6  45.9  47.8  48.1  45.6  46.9  49.2  46.8  43.1  43.4  44.1  42  35.8  40.8  39  41.1  44.3  46.9  46.7  45.9  46.4  51.1  51.6  53.2  52.4  51.6  55.8  55.8  56.1  52.4  45.6  43.8  44.8  46.2  45.1  40.6  37.1  40 
 -64.9  -65  -68  -14.7  44.7  44  43  45.4  42  44.6  42.3  43  47.2  46.2  50.4  48.8  47.5  48  45.9  48.2  48.6  44.7  41.7  36  35.5  35.7  35.7  36.2  35.8  35.9  34.9  36.2  36.8  42.8  45.4  45.4  46.5  44.2  42.9  43.9  42.9  46.2  43  39.1  40.4  41.9  41.8  43.1  43.1  41.5  38.1  38.3  41.4  39.8  33.6  37.5  34.7  38.4  41.6  42.7  42.7  41.7  42.2  45.9  44.9  47.7  46.7  46  50.2  52.2  52.5  49.7  42.6  43.1  44.1  45.4  44.3  41.3  36.9  40 
 -69.6  -68.7  -71.8  -17.6  40.1  39.2  39.2  42.6  40.2  43.8  41.4  42.2  45  44  46.9  44.2  41.9  42.1  40.5  42.6  42.9  37.7  36.4  32.1  31.3  32.7  31.9  33.3  32  33.5  35  35.9  34.9  39.9  40.2  39.9  41.2  38.7  36.1  35.9  35.4  40  39.5  36.9  39.7  39.9  39.8  42.1  43.3  41.4  38  38.3  41.4  40.9  34.6  38.3  33.4  36.1  39.3  41.4  41.4  39.4  38.8  43.5  43.9  47.7  46.5  45.7  48.5  48  48  45  37.9  36.1  38.4  39.3  38.5  35.9  32.8  36.2 
 -70  -71.5  -73  -19.2  38.2  36.4  36.8  40  37.9  39.2  37.8  37.3  40.1  39.1  41.4  38.8  37.7  36.5  35.2  37.2  37.5  32.4  30.8  27.9  28.2  27.3  26.8  27.9  26.6  27.8  30.6  31.6  29.8  32.8  33.8  34.6  36.8  34.3  31  29.5  28.8  33.4  33.8  30.5  33.3  33.8  34.7  38  40.5  39.9  37.3  36.6  40.7  40.3  34  38  33.3  34.7  36.7  36.8  37.8  34.7  34.1  37.8  35.6  39.2  36.7  34.6  37.1  35.4  36.3  32.1  27  25.5  28  30.3  31.8  30.1  28.4  31.7 
 -73.3  -75.3  -75.9  -21.3  34.3  32.6  32.6  33.8  33.2  34.2  31.9  31.7  33.3  33.4  35.7  33.4  33.4  30.9  29.8  34.5  33.4  28.3  28.1  26.3  26.5  25.3  27.1  26.7  24.3  25.3  29.3  29.3  26.5  28.1  29.3  28.8  31.1  27.4  25.7  24.2  22.2  26.5  28.2  26  27.7  30.5  32.5  33.2  35.8  37.2  33.9  32  34.8  35.5  29.5  32.4  29.3  29.3  30.2  30.3  32.8  30  29.4  30.9  29.6  32  29.5  27.3  29.9  27.6  29.9  26.7  22.7  20.2  23.7  24.7  26.2  25.6  25.1  25.9 
 -77.8  -79.8  -79.2  -25.2  28.9  27.2  26.9  28.2  28.6  29.3  28  27.8  29.4  30.6  31.8  30.1  29.9  27.4  27.5  30.1  29  23  22.7  20.8  20.6  19.4  18.7  16.9  16.6  17.7  21.4  20.4  19.6  21.4  22.7  24.7  27.5  22.7  20.6  20.3  19.3  22.3  23  19.6  19.1  21.4  24.4  24.2  26.8  28.4  25.5  25.5  29.5  31.2  26.5  28.4  27.8  28  28.5  28.5  28.7  26  26.7  26.9  24.6  24.5  20.8  18  19.6  19.6  20.8  15.3  12.7  11.1  15.6  16.4  18.9  19.3  17.8  19.8 
 -84.8  -86.7  -83.8  -31.4  22.3  19.3  18.7  20  21.6  21.4  21.4  20.4  24.2  24.9  27.4  27.2  26.3  23.7  25  25.1  25.1  17.9  17.6  14.8  13.4  11.9  12.4  9.62  10.5  9.06  12.9  13.5  13.7  15.5  18.2  17.7  21.7  18.1  18.3  17.5  16.3  20.5  20.3  15.4  16.1  18.1  20  20  23.2  23.7  20.7  20.8  26  26.7  23.1  24.8  24.2  23  22.3  21.1  21.3  18.5  20.3  19.4  16  15.6  13.3  11.8  13.4  14.3  14.3  9.79  7.26  7.17  10.7  11.2  13.7  14.1  12.4  14.7 
 -86.5  -88.7  -85.9  -34.1  18.1  14.8  14  15.3  18.2  18  18  16.1  18.6  20.2  22.4  22.4  22.9  17.8  17.8  17  17.9  13.1  13  11.7  9.13  6.49  9.18  6.4  8.55  8.44  12.1  12.8  10.5  11.2  13.9  12.2  16.1  13.8  11.5  9.77  9.53  14  15.8  9.84  11.1  11.9  12.7  14  17  16.3  13.1  12.1  17.1  17.8  15.5  16  15.5  13.3  12.6  11.3  11.8  9.07  10.9  8.65  6.39  4.98  3.61  2.11  4.82  5.74  6.72  0.742  -0.491  -1.76  2.43  4  6.77  8.49  6.47  8.99 
 -93.3  -95.4  -93.7  -42.8  8.92  6.57  5.74  5.66  9.23  11.5  11.7  10.8  13.3  13.8  17.5  18.5  21.4  16.8  15.4  14.3  15.2  10.9  11.7  8.26  3.22  -1.87  -0.599  -2.09  0.305  -0.831  3.59  4.38  4.08  5.72  10.9  9.34  11.1  8.53  6.26  4.52  5.43  7.99  9.74  3.8  6.06  6.87  7.95  10.4  12.4  10.5  9.46  8.45  12.2  13.9  14  13.1  11.4  9.19  7.23  6  6.48  4.65  5.42  1.03  -1.24  -2.51  -3.88  -4.09  -3.83  -2.64  -1.66  -7.53  -7.74  -7.59  -4.42  -2.83  -1.34  1.8  0.00897  0.592 
 -98.6  -101  -98  -46.8  3.86  1.63  2.08  3.12  7.71  8.94  11.3  9.19  9.51  9.35  12.9  12.9  15.8  11.2  10  7.65  8.78  5.68  7.3  4.04  0.0169  -5.3  -5.31  -5.79  -4.03  -6.56  -2  -1.47  -0.634  1.24  5.09  3.96  3.58  2.91  2.82  1.98  2.89  4.18  4.67  0.0158  2.39  3.2  2.37  2.67  3.61  2.18  1.41  0.399  3.15  4.68  5.82  4.95  5.57  4.45  1.36  -0.113  1.39  0.608  0.353  -4.04  -5.17  -8.85  -9.98  -10.2  -10.2  -10  -9.95  -13.7  -12.7  -11.6  -7.28  -8.09  -5.71  -2.57  -4.24  -3.77 
 -105  -106  -103  -51.8  -2.18  -3.4  -1.45  -0.304  4.28  4.27  5.68  4.63  3.72  3.82  6.13  5.03  7.67  3.07  2.84  -0.885  1.52  -0.581  1.04  -0.953  -4.09  -8.37  -9.49  -11.9  -10.1  -13.6  -10.1  -9.59  -7.64  -7.92  -6.21  -7.35  -6.72  -5.24  -5.59  -7.28  -7.51  -7.46  -5.7  -7.98  -5.35  -4.69  -6.79  -7.6  -5.65  -6.82  -7.63  -7.75  -6.5  -4.35  -3.2  -4.08  -1.3  -3.69  -5.9  -6.1  -5.48  -6.89  -8.03  -11.1  -11  -15.7  -14.5  -14.7  -15.8  -16.7  -15.7  -18  -18.2  -17.8  -14.7  -17.8  -16.3  -13.6  -14.3  -13.8 
 -110  -111  -108  -57.7  -7.99  -6.88  -7.01  -7.72  -3.91  -4.92  -3.51  -3.44  -4.35  -4.25  -3.02  -4.12  -0.625  -6.31  -7.89  -11.4  -8.98  -9.83  -9.46  -11.6  -13.7  -17.7  -16.8  -18  -15.7  -20.3  -19.1  -18.3  -15.3  -14.8  -12.1  -13.5  -13.1  -11.4  -9.39  -9.82  -10.3  -10  -10.4  -12.7  -11.3  -11.5  -14.5  -16.5  -14.9  -16.7  -17.7  -16.8  -16.6  -15.3  -13.1  -13.9  -9.94  -13.2  -13.3  -15.4  -14.8  -15.1  -16.2  -19.1  -19  -25.2  -22.7  -25  -25.2  -24.8  -24.9  -25.2  -25.6  -23.1  -19.7  -23  -21.8  -17.8  -18.7  -17.4 
 -117  -118  -116  -66.3  -17.5  -16.4  -15.5  -16.4  -12.8  -13.9  -12.9  -11.6  -13.6  -13.7  -12.4  -14.8  -11.6  -17.1  -17.6  -21.6  -20.3  -20.1  -18.5  -21.5  -22.5  -25.3  -23.3  -24.7  -21.6  -25.1  -25.2  -26.5  -22.9  -21.2  -20.3  -21.9  -22.3  -21.4  -18.6  -18.8  -18.2  -17.7  -19.3  -19.5  -20.2  -21.5  -23.6  -27.4  -25.1  -27.9  -28.7  -26.6  -26.4  -25.1  -21.8  -22.7  -18.1  -21.2  -19  -20.3  -22  -22.3  -22.1  -25.1  -24.8  -29.5  -27  -29.3  -29.6  -27.1  -28.4  -27.6  -29  -26.6  -24.6  -27.9  -27.9  -25.7  -27.5  -26 
 -127  -129  -128  -80.5  -32.7  -31.6  -30.7  -30.6  -28.2  -29.3  -27.3  -26.3  -27  -28.4  -27.3  -28.8  -26.7  -31  -31.5  -36.8  -35.4  -35.3  -33.7  -36.4  -37.4  -39.9  -39.1  -39.4  -36.2  -39.5  -40.8  -42.1  -38.5  -36.8  -36.2  -37.5  -37.9  -35.8  -33.3  -33.5  -31.6  -31.1  -33.9  -33.9  -33.6  -35.9  -38  -40.6  -38.3  -42.1  -41.9  -38.5  -38.4  -38.3  -35.2  -36.1  -32.8  -35.8  -33.9  -35.2  -38.1  -38.4  -38.3  -40  -40.9  -44.4  -41.9  -44  -44.2  -41.5  -43.1  -42.3  -43.7  -40  -39  -41.1  -41.1  -39.9  -41.6  -38.9 
 -138  -140  -140  -94.4  -47.5  -46.4  -46.4  -45.4  -43  -44.1  -42.1  -41.3  -42.3  -43.7  -42.6  -44.3  -43.2  -47.5  -47.8  -52.1  -50.5  -49.1  -48.5  -51.2  -51.9  -54.5  -52.5  -52.7  -50.5  -52.9  -54.2  -54.5  -51.9  -50.4  -49.8  -52.3  -53  -51.1  -49.5  -50.9  -50.1  -49.6  -51.1  -50.2  -48.7  -50.7  -52.6  -54.2  -50.6  -53.5  -52.4  -49.9  -51  -52.1  -49.1  -50.2  -48.1  -52.4  -51.4  -53.9  -55.8  -54.9  -54.8  -56.5  -56.2  -58.5  -54.8  -55.9  -54.9  -53.2  -54.7  -52.8  -54.2  -51.7  -51.7  -53.8  -53.7  -52.5  -54.3  -52.7 
 -149  -151  -153  -108  -63  -62  -62  -60.9  -59.8  -59.9  -58  -57.4  -59.6  -60.7  -60.6  -62.5  -60.5  -63.6  -63.8  -67  -65.3  -62.8  -62.2  -64  -63.5  -66  -65.2  -65.5  -64.2  -65.4  -67.8  -68.4  -65.8  -65.5  -66.1  -67.5  -69.3  -67.6  -67  -68.2  -67.1  -67.8  -68.2  -66  -65.4  -67.2  -67.9  -69.8  -66.5  -69.3  -68.2  -65.8  -68  -68.2  -65.1  -67.2  -65.1  -68.2  -66.3  -67.6  -69.5  -68.6  -68.4  -70.4  -69.2  -71.3  -68.7  -69.8  -70.1  -69.2  -69.6  -68.6  -68.8  -67.5  -66.5  -68.4  -68.3  -66.9  -68.7  -67.1 
 -164  -167  -169  -125  -81.2  -79.9  -79.7  -78.4  -77.3  -77.4  -75.4  -73.9  -76.1  -78.4  -78.3  -80.5  -78.7  -80.6  -80.6  -82.8  -82.4  -81  -79.2  -81.2  -79.6  -80.9  -81.1  -81.3  -80  -81.2  -83.4  -85.2  -81.4  -81.1  -81.7  -83.1  -84.9  -84.4  -82.6  -82.8  -81.7  -82.4  -83.8  -81.6  -81.3  -82.1  -82.8  -85.6  -83.2  -85  -83.8  -81.6  -83.8  -84  -81  -81.9  -78.8  -81  -80  -81.3  -83.2  -82.4  -82.2  -84.2  -84.1  -86.2  -84.8  -85.9  -87.3  -86.5  -87.8  -85.6  -85.8  -83.3  -83.3  -84.9  -85.1  -83.7  -85.4  -84.1 
 -177  -180  -182  -141  -99.5  -99.1  -98.9  -96.4  -96.2  -97.5  -95.8  -94  -96.2  -97.3  -97.5  -99.7  -99  -101  -101  -103  -102  -101  -100  -101  -98.5  -98.7  -97.7  -97.9  -96.9  -98.1  -100  -101  -98  -98.7  -100  -102  -103  -102  -100  -100  -100  -100  -102  -99.4  -99.1  -99.9  -101  -104  -102  -103  -103  -101  -102  -103  -101  -101  -98  -100  -98.3  -99.6  -102  -102  -101  -102  -102  -103  -102  -103  -103  -102  -104  -100  -101  -99.3  -99.3  -101  -101  -101  -103  -100 
 -192  -195  -197  -158  -120  -118  -118  -117  -117  -118  -117  -115  -116  -117  -118  -120  -119  -122  -122  -124  -123  -123  -123  -123  -120  -120  -119  -119  -118  -118  -118  -119  -118  -118  -120  -121  -120  -121  -120  -121  -121  -121  -122  -120  -120  -121  -121  -123  -121  -123  -123  -121  -122  -122  -120  -120  -118  -120  -117  -118  -120  -120  -120  -121  -122  -121  -120  -121  -122  -121  -121  -119  -121  -119  -120  -121  -122  -121  -123  -121 
 -208  -212  -214  -178  -142  -141  -141  -141  -141  -142  -141  -140  -141  -141  -143  -144  -143  -145  -145  -146  -146  -146  -146  -146  -144  -143  -141  -141  -139  -139  -140  -141  -140  -140  -141  -141  -141  -142  -141  -141  -140  -140  -141  -140  -141  -143  -143  -144  -142  -144  -144  -143  -144  -145  -143  -142  -141  -143  -141  -142  -143  -142  -141  -142  -143  -143  -143  -144  -143  -142  -144  -143  -143  -142  -142  -141  -141  -142  -143  -142 
 -228  -232  -235  -203  -170  -170  -169  -168  -168  -169  -168  -168  -169  -169  -169  -170  -171  -172  -171  -172  -172  -172  -172  -172  -172  -172  -170  -171  -170  -169  -169  -169  -169  -168  -169  -169  -169  -170  -170  -170  -170  -169  -170  -169  -169  -170  -170  -170  -169  -170  -170  -170  -170  -170  -169  -169  -168  -169  -168  -168  -169  -169  -168  -169  -170  -170  -170  -170  -170  -169  -169  -169  -169  -169  -170  -170  -170  -171  -172  -171 
 -248  -251  -254  -225  -196  -196  -196  -196  -196  -196  -196  -196  -196  -196  -196  -196  -196  -196  -196  -196  -196  -196  -196  -196  -196  -196  -196  -196  -196  -196  -196  -196  -196  -196  -196  -196  -196  -196  -196  -196  -196  -196  -196  -196  -196  -196  -196  -196  -196  -196  -196  -196  -196  -196  -196  -196  -196  -196  -196  -196  -196  -196  -196  -196  -196  -196  -196  -196  -196  -196  -196  -196  -196  -196  -196  -196  -196  -196  -196  -196 
 -262  -266  -270  -242  -215  -215  -215  -215  -215  -215  -215  -215  -215  -215  -215  -215  -215  -215  -215  -215  -215  -215  -215  -215  -215  -215  -215  -215  -215  -215  -215  -215  -215  -215  -215  -215  -215  -215  -215  -215  -215  -215  -215  -215  -215  -215  -215  -215  -215  -215  -215  -215  -215  -215  -215  -215  -215  -215  -215  -215  -215  -215  -215  -215  -215  -215  -215  -215  -215  -215  -215  -215  -215  -215  -215  -215  -215  -215  -215  -215 
 -275  -280  -284  -259  -233  -233  -233  -233  -233  -233  -233  -233  -233  -233  -233  -233  -233  -233  -233  -233  -233  -233  -233  -233  -233  -233  -233  -233  -233  -233  -233  -233  -233  -233  -233  -233  -233  -233  -233  -233  -233  -233  -233  -233  -233  -233  -233  -233  -233  -233  -233  -233  -233  -233  -233  -233  -233  -233  -233  -233  -233  -233  -233  -233  -233  -233  -233  -233  -233  -233  -233  -233  -233  -233  -233  -233  -233  -233  -233  -233 
 -287  -292  -297  -273  -250  -250  -250  -250  -250  -250  -250  -250  -250  -250  -250  -250  -250  -250  -250  -250  -250  -250  -250  -250  -250  -250  -250  -250  -250  -250  -250  -250  -250  -250  -250  -250  -250  -250  -250  -250  -250  -250  -250  -250  -250  -250  -250  -250  -250  -250  -250  -250  -250  -250  -250  -250  -250  -250  -250  -250  -250  -250  -250  -250  -250  -250  -250  -250  -250  -250  -250  -250  -250  -250  -250  -250  -250  -250  -250  -250 
